1000
674356.156766 -855035.158413
-248694.504648 659850.752742
-524636.856717 550263.448394
-798810.985437 55902.563531
478288.922341 -121711.423196
233216.360711 80457.307390
127721.436144 -737525.884478
-116736.470898 49816.331791
-135482.406453 699353.979249
-925807.775625 615866.212347
-172575.311492 700572.370150
233272.833397 153979.025556
430216.962003 941993.203217
215847.451366 338611.312576
386432.291481 -334961.578952
-683996.964145 823907.990099
380226.241120 847448.756597
58417.763242 771211.275555
579900.428621 -327838.064621
-934136.252511 -772357.878028
-853086.464561 -100220.564030
429013.929374 331499.918993
632661.570116 955410.330273
-263844.858347 185537.863346
850870.882557 -26684.753818
-146378.281293 260360.643754
943680.812470 -583990.711115
-252328.259614 621760.283690
-432554.281767 142570.276774
-527623.199934 -889916.270629
779623.465304 445332.129360
-452144.357455 -834580.203473
-124923.911826 -307092.609237
808499.529782 -907802.175728
-204638.829921 491824.344701
-413028.344410 376601.284261
481861.180365 812917.446326
-991255.204431 412632.791102
237159.054336 -245347.430862
923298.605651 -549823.836271
701240.798880 -517627.032579
143307.319070 147512.731173
394929.813437 -13795.764799
132614.698549 -168185.825711
-74111.808082 537551.365986
-512746.918874 378303.597667
-672995.172525 138905.294650
428565.277513 466542.389866
-619960.488949 172761.228924
-976763.810726 -742879.461448
238416.608962 667337.517277
-923360.524582 -663627.870693
-344699.754257 166882.736327
-860271.253280 945345.757295
-819488.447119 848816.716544
-49123.404507 -156692.029088
549489.695646 492211.359221
-977851.037399 -108084.484938
-583931.619541 -646496.673739
-645698.259439 83355.794476
603962.282404 401408.661640
803253.793153 -295138.821440
-464374.072476 197540.409858
-814019.253448 371488.840361
998078.412855 -331304.067884
280678.996568 527802.756020
415340.860649 272559.840487
386642.134485 -270763.323839
748387.623467 85018.881121
-304038.274802 -113828.030783
-182398.974094 -953875.515441
70950.243930 -950821.985750
37422.906220 -458379.797802
-44588.390901 905914.497490
-275361.577517 -560464.479527
618029.992656 759709.140662
-222079.443078 430789.282111
-478206.255951 -965209.735928
-259641.386124 -411108.715631
-644177.384503 725682.193443
705163.757470 14028.198472
-857853.582389 -524328.307158
-35382.667864 -346473.198163
-893012.011949 -42955.364481
591818.270220 923912.829728
-369205.849945 -93640.369375
-652902.386325 399043.557076
891326.290937 -830655.257537
-823802.961771 935473.908310
-188819.998043 -61307.690752
148734.462426 -731611.064212
239677.235480 997501.436015
-956171.180473 217413.278203
364619.062179 980333.037691
-661369.688313 693282.856252
607725.678175 419370.562629
-610749.891294 -115188.131812
313465.573406 -932976.527334
-49582.517544 598471.102923
-791241.482347 590236.214625
-52805.028821 -672377.203247
194599.099670 -215647.021880
338220.916483 -915296.131772
201844.744658 127817.872321
-741816.006112 481846.821484
919604.637736 526924.263143
-868868.553956 737060.798226
-284174.064929 442267.951921
146985.875370 314131.143013
872031.410675 459949.967874
-842384.277443 -470280.664744
362082.952377 -10395.628174
-953734.199402 725407.279669
-567417.399577 852350.956401
246373.241587 278604.225465
-394704.474740 -466940.005397
856399.510869 -930985.538813
764523.748834 271848.033899
252615.409264 632567.680381
-912842.635511 -173792.196375
-660340.717415 -484009.265248
320124.806414 457481.220819
695053.050760 78199.364695
456733.443320 745287.402598
296741.426835 -365590.293272
610441.739603 -965310.428851
-112877.909214 897361.404383
-436250.497146 304582.145096
-678549.818748 289516.488874
-821429.585163 -640144.916388
949495.018801 -991790.094835
344508.249883 -264250.051956
-904084.207070 569079.781636
189010.944802 468550.185787
881795.126095 -472501.031462
989849.878390 327327.747668
846636.231087 360774.736468
-601126.326724 -190495.972762
446989.996029 645349.275501
-473225.078774 513017.252427
906179.295133 -231271.430666
-14955.297528 815613.973967
881526.804203 809046.983010
146928.911642 868839.646189
-377121.640126 691921.345995
-425930.054561 -225056.422078
959976.390626 728808.943735
155962.635179 669221.068813
907171.653822 -903078.751810
305414.765544 -221367.172103
-242009.759895 -179496.270898
-830402.823431 365498.261976
-592598.066345 613137.323955
-94732.633322 -686770.538147
983168.279812 -455319.508474
701246.590944 664077.350384
30826.225120 -87623.802731
894473.080773 127100.965889
-457357.370005 659414.054209
713671.038201 -985201.106542
74975.091170 101985.698048
537902.295869 36521.149307
-747508.674726 210908.709102
517246.835501 -292990.920406
140148.410320 349532.700327
-550604.577377 -849421.614320
765722.938583 -822803.996579
972949.989274 -819915.297286
988007.089079 806025.518402
-118271.491022 -523943.264879
-717419.765800 403705.279723
495598.354291 17352.475769
441173.915923 892777.629220
-802734.536114 -841346.264614
-417269.401340 -771796.163238
-793072.627975 -21097.069585
53696.365967 669.832832
-647882.182296 229565.427078
886733.593363 -423651.660647
-477684.502843 -438280.272324
407170.460689 -553380.062036
-716547.331320 -325757.671906
-493962.345020 428275.697854
427667.678020 -413233.686736
617647.456622 316245.120422
118841.387578 876975.021369
-655965.250451 247319.999972
-937771.152391 -961755.606599
764146.539258 -305030.169089
697354.644981 344728.750724
210220.798422 698679.908786
-935032.058659 -253418.789532
-6306.133297 152079.272818
-600275.785268 -322780.379145
-87069.972069 725216.149026
-830620.112220 -64371.885037
-540045.894030 -129667.249994
-465884.192013 467137.233302
-222398.374118 -210381.569977
-191359.429519 318907.419461
-582942.252796 -310388.142277
-201983.203172 535747.761791
-854431.942019 649258.856807
916807.700773 -972512.925248
232650.856585 -192545.658815
585218.951532 -386308.696820
-758504.723621 972133.796702
679829.408893 -802117.062506
-966133.644785 -801382.537532
-75730.938961 840663.318263
109974.641146 -240681.405441
-822292.572245 -205228.550165
686920.081181 7211.732430
-958335.799784 -791607.231754
-617322.574707 812303.933781
-973716.061216 -471429.907671
-422583.571528 622487.252510
908774.959009 586139.903381
-279143.479591 -760596.623735
944435.054447 506210.839885
-647903.422617 101830.572656
-70406.236781 123852.837999
341096.478107 208214.460718
728586.416973 -652730.126313
-284719.069724 102711.195914
-243540.355498 483351.782110
-86284.955989 347180.699329
-397373.060090 145465.958676
421351.293404 943815.916539
-586219.435708 -227026.776612
375176.882386 664400.108153
469506.227492 -8799.530754
967587.285788 -412912.892048
-182874.716427 -17730.386894
890477.632026 -583357.400185
-886683.991008 653040.863819
-70907.909438 -649643.531409
496973.728445 -998883.586957
-615866.051451 239086.791486
-189699.701941 57508.347969
529876.503370 6623.450986
152919.486722 -436405.573593
498814.914755 240486.719830
-591390.113011 -632961.149799
-32247.691032 521863.840434
-902115.652731 116490.424270
-335000.595092 444188.727748
-170661.322881 724173.320738
-3246.358582 -55342.231124
747631.513330 -711751.099916
697181.495294 -897314.324055
-764868.786554 -620860.543351
918140.138597 -251778.935286
-978748.164168 -637551.915740
502050.858573 -292086.432939
-100072.642849 416349.795556
854315.797916 163149.070879
228388.522300 -155398.035647
954900.990337 686926.664598
-156060.395933 -670963.151414
777259.027028 73374.092597
-121610.855253 950102.329807
15460.021827 642049.948019
131751.003709 -588204.750536
-939305.391468 304639.955572
-304023.273117 -435530.968319
-779719.101820 -753120.590077
-347788.497048 315051.053366
-999462.370550 768579.790494
-176630.367448 789250.237877
130438.593043 927079.799697
-906081.339239 757089.400923
301450.083470 156035.860555
956660.225168 283880.425490
292326.684398 488242.327478
-807560.440423 -732561.941359
947039.309548 -371782.649851
-618330.574088 -89782.696036
-82075.375254 -884404.172396
112297.287133 -565059.491228
-699502.319545 -75398.587142
-841816.361933 379762.846024
579825.027455 -188433.619875
-367760.422422 -535439.241230
-555231.731888 975049.018245
866785.566159 -772077.784815
-240437.847651 216935.135255
-702872.308939 599181.519346
982260.487055 243759.794367
6312.581041 156053.911912
-644189.537749 999206.127217
717768.439737 912853.197087
-693931.571983 -651719.093901
231565.138423 621924.756724
243789.863818 640533.567707
-997975.276274 -254958.258117
449159.598335 982468.631011
-62225.523669 279966.151447
-684540.044758 -248205.442390
811030.312986 -487398.916471
-497368.598337 -971973.655409
894801.781777 115669.369526
-567896.296235 354767.818849
856571.070393 -80418.060090
513906.085715 -176631.483166
628620.737078 495155.817318
65667.367948 -451272.143771
386816.620682 401852.671814
-399136.709028 290268.982415
246952.167082 -222687.399228
122004.894445 -453644.826223
20476.886005 784745.964232
409336.763003 -305730.334678
-60037.474235 -761158.646902
-298873.126986 -843826.453371
280580.738246 429036.862208
248715.529995 878998.243935
546287.218787 992526.481295
-551272.865820 -819780.869912
-75806.297168 515690.240400
-439052.593412 738253.440418
44555.213309 21613.561581
-729896.271699 -23872.646827
-85571.010192 -253791.966948
519772.030443 -228108.883103
963448.132478 -257244.878864
-194306.191637 247759.498208
471167.151675 -34786.380399
-432664.737698 370777.514210
607476.035287 858524.217562
-321273.931514 475626.714431
-717602.537811 948787.780207
870040.701736 -720304.200537
-887440.976715 -752767.993137
-898300.859344 613823.618918
-87244.816819 -548190.709610
-821024.332278 518519.145795
-908087.999131 -139580.093560
-400342.426145 -80527.939532
-390203.364670 -95696.620189
-483429.312870 -850331.750733
818916.493928 -113705.267633
324845.130212 437530.530909
861618.280280 -354412.789536
943749.968106 -448249.596223
-965584.343107 347021.563515
692241.058305 -816847.470117
418981.189183 -393308.893337
580869.959961 -233862.424380
547608.478291 182366.657418
823055.677196 -725999.507018
217046.575169 -431322.112620
486935.240514 -77584.146958
809408.470845 -422393.835711
-982818.204651 993686.367688
-242111.537605 -935076.096574
-927994.399818 -412889.411330
921029.977462 -907241.414192
846885.936675 570154.472501
-697073.934271 -901562.002817
-229501.418069 926399.134631
-575341.788757 741954.593189
-714917.707379 -711990.149371
-422682.932325 -988874.811371
161120.142870 923157.784947
222505.091510 -582682.759284
-257151.136159 982248.447622
477331.191034 -339513.998327
-25185.922782 588974.925864
-368261.598539 704601.587318
562100.005445 816224.803888
76723.968941 -49612.022884
171201.800570 -345561.564393
-180764.750630 -41854.797177
-765034.847193 558123.051863
-871083.786813 948767.466942
729204.465313 -962455.957278
-135003.396190 -607848.323633
119620.043572 -739168.975389
136317.550553 -300865.194363
933557.092624 209816.028222
757400.882748 -750888.252823
904157.650349 489259.558708
-152859.418230 634966.615158
812364.662831 76483.189562
-230323.541250 91997.474927
775669.107254 -333065.690641
596440.190738 262149.863441
-102212.638374 -634375.574387
-417792.060749 552416.237990
139831.570756 474211.674072
856627.167148 -441369.274085
-230786.852244 252869.968924
687306.424437 272123.535584
-185888.978559 -12413.810439
393403.206046 206326.088267
-516019.800907 -869619.437334
606345.386128 -803616.817984
-337772.726561 -326504.681412
-502193.870667 -308014.347102
-95863.561552 947717.862577
-657168.238345 -782454.541448
344307.091244 -206743.521369
347272.967833 -821550.161414
375291.119031 -239059.739074
101100.770405 -751779.807428
-836028.013305 608800.747544
-391632.895165 561306.781992
-49693.834364 843779.163886
774657.836667 402085.241223
-656298.045366 -99649.686632
-978466.665367 -243052.705087
-966621.303553 698384.223284
-289790.265462 -342965.878934
-323736.823636 -788208.937689
91365.998749 298436.215706
-627282.617410 989258.400304
918723.140428 858011.699209
609920.701340 818340.252612
213444.886716 625724.468362
-536709.442703 -339594.662353
673676.902421 448407.944139
-182430.736749 759925.172221
343490.870745 -816323.193546
905014.827509 -722626.738404
378404.945341 -307219.077592
101559.732331 -814773.138703
254825.886179 -712466.817443
796455.235809 292093.132029
538579.587248 -464131.559231
-353654.665071 -996964.672292
793782.404866 754982.476453
462939.439780 -515793.943688
457402.523809 888422.361349
695819.990868 50931.139047
-969812.784077 -787392.945556
924813.254314 -201082.100086
-507508.353174 -196447.313232
698941.760596 -619256.187589
389079.891174 -570683.785238
975339.528090 -333302.826206
-14852.799851 528389.909237
699411.723985 500284.398139
-292128.500454 670759.274893
-895643.113082 -625060.566241
784341.758818 -984187.176811
774653.201242 491812.318397
-148395.731270 793907.216213
-153852.726503 -479542.542895
-233832.526250 -329507.003199
-187740.251206 -788729.629361
-818583.864914 102601.648368
301980.790441 -969620.905445
590459.449974 111861.771112
890716.247055 -47216.410140
967726.096657 136357.325474
-999432.702807 66338.324087
-497563.175738 -190098.837394
78039.093031 123541.684384
369086.899864 427496.096433
588094.669164 703663.028715
581443.990798 282685.686203
695810.011893 136872.512035
-9217.450146 -174352.520166
-673338.831697 -912999.559790
-751381.578737 11972.089735
953177.545551 -178258.878502
-116005.448590 -620176.754345
-918755.699070 386841.427055
944579.425288 375445.121366
490411.100635 -921793.331284
-436986.687739 785861.170404
380047.585942 452128.155088
531363.678607 -284697.020121
227425.816064 -66252.305092
328316.510304 -430665.353907
-546121.872258 -622255.263273
-958492.503439 430058.361984
-31411.221575 725054.756012
-498960.279778 528652.756730
-37383.086282 169831.317968
-36295.036026 713138.868741
-789081.160977 -275163.503886
-905200.889238 583931.351413
58977.664510 -801633.994710
-597521.620407 999118.764897
-389957.783326 826158.605782
-213081.655021 24738.086551
-166106.092575 -841976.644770
-470713.796820 4585.943257
372651.439722 105775.984642
120296.639728 901633.964412
-619828.868060 -630272.644970
256463.228876 -754454.716172
-888197.256303 555142.840543
-376427.048293 75541.020796
-273578.976742 -719139.584677
-303882.086583 154746.511165
-972458.175082 711289.237497
-320397.721194 431530.053533
-896294.611946 -238390.003308
-470533.564687 268293.023978
285487.239088 -782910.893529
-140929.502708 175030.440415
117532.123442 -324661.896457
570557.848035 -409294.406982
-516576.588661 624590.092856
-991782.200408 -617382.528238
-827298.127173 -56802.184932
-701580.695273 870092.319176
764847.316355 -587705.319283
-524620.553501 -565273.940817
-832796.068764 402582.065450
-531833.025578 -882773.511657
-90259.491816 995236.996623
-116750.007380 207310.934452
-328585.447307 830961.262012
-145695.489869 -916091.071700
-59990.376502 -743853.254102
32870.498189 -806324.783514
822691.073361 -680161.988859
632875.696523 -832714.575708
-839412.971494 -686902.245550
-960695.689913 -448865.551851
-36614.603492 -11131.462377
-744239.533787 360609.516529
101856.473474 532313.085172
467791.068178 377556.755738
-645432.912915 11458.423245
296997.318107 641459.931999
236055.830641 393159.626515
736441.599350 983083.622316
-330934.891281 591555.211511
473994.048954 -501131.943627
370508.061953 -854792.041311
-499337.913530 -946981.351550
-598234.305443 -901194.280938
945654.338937 238880.972601
578619.403330 -392216.897306
-306899.339499 -694163.037137
416677.902248 -571767.892106
214265.369725 885779.705700
-350690.073273 -21997.720633
-777473.641297 337792.823471
-570050.835319 -373483.467827
544402.273924 614917.124777
-421555.696925 696905.938485
-550227.721527 -149856.674983
-882314.121048 211661.808974
-203070.415161 -301327.552210
-744218.081401 -81048.477021
25691.708858 -768653.411923
614987.448217 -80890.261982
230445.420769 -652798.946324
-972318.006194 382428.555784
18589.065501 -256957.905781
-101696.089351 626446.245038
687363.256872 -703052.012401
522237.110072 -704268.752596
828197.014518 -586856.846489
196253.128340 82983.768896
-98966.508329 -792855.527914
405801.737826 -561216.457424
251904.290073 575691.060760
648439.819512 -247897.033620
829987.370852 -918816.685569
-533371.193894 193569.979614
247225.818085 522866.433074
-247065.248752 -486084.249530
141433.406380 -36909.900040
921155.241045 -746654.109320
-970655.241733 951627.457874
613461.543380 -951909.257635
-258343.795035 393896.798263
502395.910019 652213.485323
510934.071919 -895140.618603
-34605.570515 -314074.246961
378982.690035 410486.299327
-889591.922832 345537.683525
288063.055619 -575775.803383
400171.788101 -606931.515837
475043.354231 59217.938259
991615.479547 255002.701520
89623.411383 -99916.136886
46347.496696 89480.755557
930447.810803 353209.452097
-963907.392042 -114202.774324
-153792.595782 -980803.222147
509202.643327 -470289.110594
-625713.187237 725358.174174
148066.373322 -512758.388684
159923.129563 -320216.896803
153740.481324 -23592.538825
414898.956472 454118.836444
-161306.049319 582507.159522
-857826.303781 -830344.009177
272780.095633 754470.668555
-603362.455276 871791.658697
211196.582801 -453681.505577
-288608.903142 -353031.802760
-949877.962778 578682.093619
145551.769853 -633074.411873
-259278.801642 536395.002681
-860029.090612 485031.943157
268177.760463 655857.994880
-972628.248738 897222.789629
390889.945731 674165.865973
747929.032891 -849172.090437
618327.144385 -755014.476189
214187.691993 126423.377659
506856.631155 272973.524635
-372070.742481 269645.765586
714331.665729 -400043.914882
-180194.855393 306906.345696
-782598.536039 47592.456033
799966.927273 536021.863048
937668.765883 239035.042008
526858.722722 -180645.416461
-259766.111910 -973491.857542
-480444.878938 146076.637636
374631.047023 -610057.580601
886744.126309 -477375.862610
-177551.304804 -964074.329264
-349045.933637 424648.018153
992110.278420 77785.433573
-217903.596283 724397.466831
214606.795325 477154.726928
-666292.893825 921120.019872
-226444.784253 963539.702533
744968.003644 918194.965958
-975045.984689 -394419.077538
850639.494442 -817957.231604
-347766.718998 -973959.141047
-621374.517331 440601.001748
-101597.790673 -471256.605150
-440061.696808 547333.421240
-426727.107951 -160505.082361
246966.538518 -678464.444586
810083.226316 261574.610966
-37859.382178 415243.729465
-373115.630602 -594584.980049
859123.123979 742444.516258
797275.503118 -183616.323883
178924.583441 203165.624849
-581043.190067 -739176.140386
644239.372300 -739689.392717
707971.850152 288157.551714
978140.238029 -989448.464912
973314.763045 222552.867318
-349842.023274 -702392.837661
-400309.031898 -856348.640554
-22880.997787 532019.774808
422404.541729 -586282.425571
-98413.480902 834880.275008
-606486.398826 944204.122149
756893.435859 -827041.612844
811101.452506 -527813.481628
116689.046195 -367882.994504
-608935.613154 839637.407678
67521.171483 -833178.171393
501407.472245 85272.639634
-614883.307777 -950863.422899
-964998.225970 -479164.960169
-826460.286135 61144.548758
985381.468918 399544.189535
23012.831773 -787463.386652
779048.318458 196121.306716
636871.735712 -330227.824726
228331.589168 919418.153520
975960.869789 -22772.680652
938749.426806 708824.246684
-554908.966258 614763.778586
-707089.227427 725324.205216
52832.006863 -868466.784470
329991.635082 7493.311652
-457291.499014 -562659.514630
-949055.563626 417443.636868
-752950.746142 729651.562480
631595.866879 72084.073469
-388180.710659 -237987.601300
-257508.649664 280379.441927
341448.388406 -367799.199433
830434.815102 -651050.427890
990477.375825 -335108.630858
-230160.048848 752426.110085
530519.784593 -534914.471091
157134.633931 413321.282238
-6124.884079 944093.513334
-229926.610836 -760450.477828
-336762.390228 -877507.859956
-281451.224639 28282.128079
-67435.816651 909621.477764
-684881.527538 -589875.004934
63807.386912 -602001.772590
519706.610779 -939622.474037
93295.886002 702772.458780
-726504.935866 -36548.493752
62408.178751 -551671.797598
-531140.682644 917661.413626
235991.082398 984367.749417
574338.833135 -518285.742186
-373641.099753 -331078.715523
970550.292671 752868.959664
-655777.886119 -405316.948601
911989.350504 945466.102712
-120050.313784 457181.739750
-30625.888893 -36796.869846
-601656.863806 497977.724340
-480543.182011 -489927.831534
-658713.779788 -166320.085222
-959673.102770 874651.313220
-990190.763387 968854.683185
-84090.105727 563859.523344
-295315.288810 -391913.444000
-785688.150178 38690.524440
-229536.536137 97170.213343
391595.688594 -914409.350039
731500.243110 910772.118489
-911836.830444 196309.423991
-526811.198355 -526126.957417
775745.842129 714452.986253
-945427.359298 -484638.783643
10187.333707 972894.247844
-974269.510709 350381.213320
894092.885674 -887156.411214
-658639.230119 -535280.437457
955126.264944 897769.698760
314784.915075 -34145.324484
989557.546805 904225.698400
958849.660761 318987.758665
-276632.056599 722369.469896
-729911.176067 -175533.868908
346914.506975 789566.070770
-330909.225319 342424.418197
-298198.305403 -722595.019723
412183.715572 -797103.987336
-377017.287044 -128759.568785
-971097.674649 191195.238669
-17733.836137 481757.246342
-222946.968487 -658340.463970
-233225.782487 207116.085207
406984.877536 -465785.642169
-985356.821072 -503367.310217
-799843.751066 78647.296985
-658807.583023 978218.880057
-241871.186007 -236661.674887
925090.781260 295716.332294
92063.867006 -79528.246305
144337.278221 754066.950811
-380092.325017 -164356.763320
-82626.505976 -591266.114456
-769574.556253 144303.496314
921564.455099 360982.129095
200855.436229 202985.449208
-282245.789125 735708.024411
-449456.032786 283593.472206
378889.398926 351220.064591
-614661.174035 -63334.962110
-767112.370509 -402365.509502
261201.129175 -935734.058578
-591496.082840 -238605.174216
706455.125770 392912.158113
418963.161789 -804727.048537
242995.070541 -488487.535514
564416.429370 331869.635022
-866624.963156 486241.345606
-415613.914017 -973948.963314
-129699.670714 723763.868765
-837735.497367 -40923.190644
-533410.707725 -751174.123363
-480892.801589 446112.130483
291100.589713 23687.034208
-176785.633820 622892.415085
134790.472357 615167.752170
1977.890489 584134.940268
-336460.323616 -165461.788913
-693845.248734 -204323.969568
26963.175838 920020.836786
813367.514569 -346139.834790
258016.134304 -861105.945485
514257.536337 -605693.844684
-323021.735018 325962.257945
4929.184680 562718.124244
956550.764701 455567.963565
195481.741007 -37361.777962
659202.149440 -179015.213386
-836353.382544 767358.213535
-76441.167862 -445436.519613
-970647.525926 186560.827173
-852895.134169 -989891.644109
6544.531234 -879368.790432
147592.094969 614105.778804
-473606.557470 -414231.830270
676877.229683 250779.684867
653964.196387 -253703.553077
-81522.947514 184325.394693
882393.854632 324156.714692
-249743.169610 -459871.876668
-637050.856489 552485.389519
284442.257755 -563209.692745
109302.549149 -54593.142972
773025.533229 -937941.405921
-208146.929421 468639.814610
506565.360761 367474.515115
-886053.233132 935800.394352
-937850.714976 50933.710039
573172.398077 649778.512258
-367064.167330 468736.463984
-176808.234633 301037.658158
-571481.711173 151514.533170
677416.193331 384100.903740
981789.017288 -224889.233972
902561.050937 -625195.325090
-545939.946197 -945925.933262
417430.767422 -916746.205483
-956458.395039 -208325.525341
-128243.670497 558271.599662
-629751.556070 753827.818132
-621353.626781 138082.803834
608263.354749 -659670.241203
324489.191047 -382009.553617
-97493.986513 830867.490523
-321553.577891 -363381.258821
604663.799337 367379.236148
783196.097575 -913890.778800
-291212.866535 431989.169648
852930.546615 350992.670788
324600.912911 -967207.192140
-238396.692314 -861070.047573
732556.743024 -621239.188625
-268125.608501 441381.653459
-628243.973228 -389991.318814
-254339.159522 430027.163057
-899634.863591 448364.260344
-146142.995946 -883345.638628
-866537.940976 -100141.423910
871817.243913 5667.712542
924679.660667 895577.315474
-7170.323353 -515695.646134
-688658.858466 -916338.189902
-109548.959338 -205310.077437
-482916.751477 526246.045526
574391.194583 -448936.152909
-375323.831126 -530578.325116
-884163.501495 558469.762787
-650631.214433 427454.558628
-751519.317038 -838635.983065
-89082.121902 133998.141717
901234.409677 -995895.531977
288723.788374 -277206.427451
405014.585381 149957.772702
512735.099790 -873036.322355
-134674.132672 997131.467915
-551481.090451 -51975.071825
860972.384213 669.831068
-778899.086244 -672250.340071
-684521.170452 -152923.243123
273939.586349 991069.124685
-486848.566310 134397.072973
414120.530348 643181.791885
602113.167057 -845487.821357
-550526.641901 63485.296847
451382.644877 458211.551654
978006.122921 717939.760931
102466.504874 -458939.295518
748113.892618 961031.289306
-95730.700071 -722202.856841
391211.243473 -361218.511716
419658.741360 -164668.427225
615386.502467 659573.182713
-504452.670204 -452098.685189
33637.759282 -978690.206227
-184525.982865 658014.952099
512655.613734 -611771.073112
668087.994376 -26149.846068
487185.738489 209135.614567
-877915.580551 -965979.440843
-509611.795425 -310003.665458
-583547.275649 860311.391767
-716044.188447 870376.144704
685359.504574 944999.635351
-655055.519734 -500816.364570
-608142.344359 -732056.811893
-53789.040543 -517927.789238
719416.045337 -39833.162651
-344515.095385 124604.857480
570021.181095 623916.384849
367247.738104 -388152.079145
353554.081236 -53346.013433
-837476.789343 968412.539059
-651207.503294 -965963.882354
-379897.736355 -795702.143447
-280743.351754 827437.087776
-381209.378316 215242.919806
-711398.854586 630876.645203
-61546.433545 -707824.813457
-462286.448422 -960040.475550
-342456.081981 -907418.643188
-104060.846039 69610.343894
-628521.481725 150236.655371
992011.131995 628852.067278
965781.410322 934628.691763
-351434.142113 -456206.350360
-719536.493092 -587214.869756
207647.217104 -901095.477010
777353.157976 -136020.539568
-130886.820924 -464688.475080
-299475.802047 70505.041780
-698057.660793 833532.159279
75466.697802 -743626.769832
954745.370245 685326.588680
709719.888247 -810455.779421
599771.036184 -817016.419097
-907321.735788 206862.336762
137965.917638 -926014.182467
872930.399538 495208.108474
151374.760778 -740366.684995
-847368.566484 -816401.208566
812222.480397 -849099.392046
613139.922605 287098.044137
553150.098805 839222.797286
771501.495876 483579.326708
-439620.710328 -657063.765705
-292146.870150 690553.584236
-206443.809505 -5889.234335
387203.614358 -991213.366682
-365251.092534 997665.568790
655029.175204 -90077.794986
-694642.423907 -962661.184683
234832.940497 825100.052477
-533337.998989 -790715.984131
-721969.601797 -167799.871550
759575.046755 699900.703659
-698819.847652 -298429.095339
-712788.019783 69824.686268
488800.066181 2280.166532
368434.088259 393853.333821
224266.411700 -862977.445748
50644.169820 -955299.956453
399686.620496 -232489.149385
-878114.493052 -817955.617876
255230.360197 -275057.335221
528870.403606 946195.936195
464840.056204 -687930.727775
701424.663210 -634633.584888
278724.749227 376128.969065
939229.707878 -225770.433413
-143144.377928 -517777.872221
267096.029726 -698547.667718
-652391.991709 954997.525400
-658376.803212 -374927.648369
-476281.828534 99973.827370
-616769.314922 228718.072644
-840390.510721 -295304.578629
-395644.423527 -236898.550044
-817805.949930 474628.636846
-310522.806066 -783114.910813
-333304.622370 949054.412479
79989.230324 -115974.900895
-628905.813578 610754.862932
672524.742520 -770083.422461
619685.415328 -306482.424052
576721.517626 -949931.003620
80481.832818 -511644.673855
-159059.554874 682895.066481
184582.035446 -56750.006547
446278.175353 574988.611256
88035.341127 -602872.267334
732011.173050 283405.135507
-198049.516117 547839.407806
644712.792929 -427722.366665
257852.847472 104479.645491
26979.609548 166144.992631
840089.319013 472045.602888
-781308.818500 -293313.743659
91613.242590 511368.051847
-605448.133960 -876781.944004
-972341.955816 512156.678136
-377894.508051 -364260.703846
340478.589213 513510.282566
968580.858623 -403759.607982
834449.139789 895548.422121
765351.973027 595075.398528
-513680.677964 -502382.325338
-516091.767237 -171139.143083
-245728.202734 -585461.557274
-606374.882256 991543.286972
562239.419202 -61035.810786
-506859.421003 322932.703789
-265992.451716 134301.995475
718369.267127 -433633.801768
711816.855305 -889266.344432
438381.296746 834957.686194
-348858.593397 -618552.318467
-317157.696072 -433983.281462
849723.327759 573954.207617
304101.351038 -996489.420618
348312.625698 60347.835881
886201.346540 -17684.210635
857994.646769 -12118.356197