800
544701.305382 661201.699294
-207555.423999 542522.300724
-506967.158041 -861491.222108
-560726.144718 -15310.444364
712336.924966 -777695.244805
151195.365949 977129.327355
753748.072494 -367025.304189
-758787.230007 -615287.901036
46016.851665 -115356.261022
9092.679212 -540701.438790
-655108.787329 583159.651883
620737.591721 -733717.166102
446569.282825 56564.118719
740200.013543 -379574.992775
-75033.448921 412037.742975
66893.408393 311836.387817
811258.979793 966225.321930
266366.420671 211782.636756
323608.532955 -41368.416729
327406.997037 -371378.061206
209773.394539 51596.712516
55906.917335 -224347.260818
-632733.607838 310835.032307
-54499.877800 -377983.434762
-763332.328922 992296.620122
-152845.251231 -912240.124919
454381.672190 460392.963130
-64875.253050 40869.541842
55396.189558 -547028.962672
835718.471634 903120.786516
739392.228213 -100581.558315
297814.141591 -845034.652464
-620288.247879 49694.691857
-630600.070995 -841135.325602
199853.571630 88237.768542
76219.226343 199482.585312
-565640.889282 633892.893044
-848192.224438 90508.291355
563013.628981 -696356.917408
588427.578670 696115.304332
891571.253847 496819.396105
210673.771332 954926.460383
-742441.594383 209195.911921
-916789.367243 -795541.634508
755788.788377 399344.274352
819580.490964 304594.990832
-752167.387239 -835633.355842
-558057.738349 -505546.313877
-975598.092408 -200643.932430
-379492.243628 -970254.381234
-797940.651423 740748.588707
-842531.245979 -868528.401350
704128.949739 -890667.729974
661762.479150 786518.869830
-51581.007117 518332.869697
-152572.192930 -881933.777372
437858.309072 533422.339067
-58460.469558 -58961.685103
-201621.436722 902724.487528
-525469.145737 660522.486772
141552.323648 -718721.536386
-434957.029016 -380026.546275
688071.935535 -393971.477766
393373.526497 -817644.379453
918552.473762 -501738.342445
62075.687246 -195330.412323
217092.866794 -164460.040846
272638.875871 271122.316493
-972240.205984 977631.654688
-664350.788719 -686103.343992
-994077.918959 128924.303162
117258.101005 -901911.956211
-298540.627332 797590.422735
360584.275775 172346.083679
-634188.392221 739665.365256
-261523.799062 -282273.087691
-232973.956074 -642337.064999
-665984.059527 -124218.352956
154924.341522 -683910.895397
754883.135674 -884877.735364
840248.589933 771630.294583
-301041.528354 -880209.992732
-559545.414279 -750825.843943
296379.926076 749580.955108
892778.523598 489208.120076
723268.166464 -825970.779824
-36095.778426 -20031.785117
170855.182981 528565.446939
-199123.336971 180384.444297
648134.741363 42554.557857
833297.905679 -81787.323244
361329.124710 83370.284572
-481601.619449 57108.953356
-85718.944600 -467252.322963
32807.518747 499248.862169
301604.894276 976571.534287
143799.016203 752984.656988
-39587.727838 -107565.663100
2937.205797 547050.524848
342469.913608 -873413.922382
46087.322770 339250.146153
601004.572960 -599670.569656
-303344.571045 670622.527393
108405.352667 -855849.912138
410620.729544 449539.690709
882636.306806 -858905.707020
929266.233023 792616.130352
166083.699807 -439083.762487
-541355.155195 883373.152853
277399.636948 118565.527484
-34783.997453 -375002.209685
68933.662613 -603737.125559
305785.444834 894968.844097
690326.107612 931501.356804
189069.680246 -69664.455845
620931.655505 963821.950548
-37597.105765 365774.436619
890623.603126 -782718.355878
-236537.326894 524129.649856
-310024.742973 -945689.531318
-109424.785373 -379214.472632
-414339.433900 -941523.310732
-724578.038979 432446.617078
-951601.130732 -402295.591389
935967.621850 -657908.781877
352563.963406 -859573.938825
500203.725763 857077.654724
857904.851894 -344681.661947
897035.670455 -156763.603110
-518111.314086 -296683.300025
-373521.991450 617932.980117
-623304.680806 109907.494156
-779624.788018 1211.421578
217901.237275 243246.917501
-371979.873029 443785.540344
834378.006299 36058.864195
-684635.097115 -394553.689521
-471441.471464 -402955.231535
374280.601872 511291.774870
-202110.759232 -993568.502826
-843998.800016 742519.807243
475568.160539 -835723.766290
56553.884311 -569197.500943
-433660.037451 -303585.493481
-355153.259052 190877.813616
-781729.980296 -476393.520268
-905716.816994 387914.179548
-80485.634489 -426049.816062
149052.545260 -198330.703197
397631.473304 223025.866744
53961.642858 -270801.653147
711099.386897 231351.878318
467155.215629 728007.550788
492646.420301 976204.781634
-327269.056901 -512992.005103
133156.770146 187920.860308
854373.429300 -977472.909072
263883.425362 -463124.774757
300692.143864 -355505.778702
632298.265513 -685710.748035
9994.381640 15140.571216
-690253.936618 -231622.513327
911766.455782 -841724.989307
-795895.819701 979374.635260
516767.775033 838064.629806
12243.666635 -671573.340088
735696.425384 -25285.593344
-754499.974177 -904275.074661
-793946.734208 183127.762226
647163.957333 -872757.354811
-720106.391888 180001.173695
-412946.224224 498219.583107
3577.817772 -594956.624871
-819241.608908 -708308.933604
454090.483874 988617.272825
907067.463320 -322139.177159
60705.219496 542019.863037
-721214.680893 77352.627330
-524113.276391 -46623.037170
-42100.373198 -70223.458494
-321723.137693 -31160.744075
-265496.860407 410652.777728
-516630.791315 -219925.127863
655159.843948 54995.111246
258113.613234 601466.636170
8444.291429 -528513.325662
-353982.701905 894850.876544
-758384.050016 518720.669680
-787871.413226 904022.256804
-910423.304975 -471235.339127
-932610.690151 -825358.303889
-698035.902939 -961993.884175
809672.301493 -599250.599547
-523988.269251 -378718.078020
-527151.987023 20042.644408
-249666.960807 -70758.442936
317278.562489 -195374.555360
826111.830651 -329492.126997
-23225.365747 747178.069746
88175.097409 349198.811078
424187.319062 -96126.458333
-59649.052430 -898849.957516
-890969.640242 -652743.058788
-483995.344918 489344.076124
739486.726035 -510741.622517
-157472.241844 690773.141674
-815685.119322 -182767.950553
-521672.664016 945694.368967
195561.972669 -668083.121560
475154.414445 90588.358426
523883.570245 330960.723376
-465324.836658 -560347.118960
374701.220312 155642.751942
-261482.146925 -369262.548310
-438731.907188 80575.082330
640028.980022 552462.008822
322071.014332 649431.642779
890876.181486 463025.713735
267549.018796 -555489.270370
-614948.351330 -827826.232048
-3722.585016 -842398.764901
991505.523459 -446420.747677
48670.349674 -116046.024703
-422554.553521 -950351.418381
831993.734281 -581654.584355
-692366.368536 28540.985004
-541123.004181 -579902.279311
-29086.244062 798647.328953
354991.725693 -459534.631665
689217.612517 -726850.807771
512080.724604 -400781.944576
319666.182456 -906738.773256
-832258.054529 27087.120226
84769.275821 -378565.961360
-277568.436074 -599971.979130
-283670.137650 456344.085680
287378.137063 -613918.021516
-82826.643461 -773738.539804
-590726.049672 615179.514669
558827.457349 141832.257730
-461686.833502 294511.664143
-312372.750306 -810006.165966
-866710.110240 428082.406133
628961.674190 -871492.514182
379050.121148 858857.465068
-656077.756145 -77425.070121
-849090.243535 -975406.551195
639326.752751 -290494.076784
714063.719273 549454.040722
387664.717317 -120575.897997
743262.080641 -378077.536673
464149.277488 -883447.891009
-846447.313067 137804.162627
548190.180384 -796550.440129
649584.307351 -716135.757528
-792493.121699 315891.644645
-519075.021678 -531992.511801
112872.727316 -184131.415579
-164141.762180 -70481.907193
988890.143653 -178483.991598
-768919.816121 444909.524411
525917.625258 -570229.935805
694597.524340 -646374.044322
269220.672427 -359123.262350
-733763.021964 -3780.112048
-967912.828974 242042.993560
506137.693452 -80809.552592
119670.206856 -28161.161943
-364585.486818 -650697.229875
566714.455761 -260801.856750
128329.759905 -987181.231993
-795906.413496 539268.701095
841128.159966 610109.776916
839106.037128 229546.718409
42875.993512 940210.312860
-734059.721994 977692.163986
-673891.553121 -78089.801036
814092.091782 362096.593178
231185.905981 -553822.177658
-994784.202304 653193.691911
47653.992809 288888.440905
-171945.501940 753662.390167
835969.063006 246277.947907
-354618.037015 -557485.351594
-845606.928704 516329.029053
714144.001472 -765357.964240
-269897.319298 69198.082811
-369033.689216 -783979.710431
-799232.882595 -464023.285957
-927581.708480 -11651.468121
418503.465446 -132268.991314
674550.306836 -256350.064265
240256.331602 -947936.110878
-50792.722885 -629336.997269
-763653.687846 523195.493768
846004.293246 -858594.837918
-834472.675343 811869.830698
718577.900198 859735.207730
-255022.664864 676958.896185
537150.216511 227262.630539
861620.120348 -781106.845141
-520588.681975 -593635.300777
-810582.144767 555135.707559
692725.903919 230162.027119
-74259.471497 -720232.061328
8088.786828 -470896.034037
909645.131671 -325008.420562
28352.053516 -750529.816222
329150.012165 -298843.640426
-995253.813434 -71264.937738
340278.746209 -773055.974398
849231.088712 523200.082852
699145.547311 -983750.557928
241725.986450 -905028.446763
342098.527651 -409668.463812
-951532.149271 488214.242993
615780.940833 -309941.968881
531088.670224 357664.158971
913594.866920 -318607.555700
-437824.513579 997996.553301
-884216.615368 -287045.797167
258280.505065 -713778.765000
-19385.821967 10896.168893
-499911.847629 244227.735461
538180.615416 -468672.484496
458105.141540 -74618.212110
541501.292604 -34699.729921
-957447.592449 -30501.362969
-957480.076600 307608.811382
-583735.325001 -804200.519720
-594693.631258 -378648.663498
-771233.229776 880969.436854
-933749.700019 596477.557790
-779533.661801 -93515.243008
-887377.643646 562380.013587
-672198.086615 317979.640075
566408.464477 545626.556402
207031.152360 -972790.393209
489898.480187 272808.103954
-479723.365250 -495552.389989
-726627.319163 -902025.357915
355729.941275 564488.508985
-981723.329622 154085.537850
339684.064113 -938780.964273
818205.181591 843350.414763
-719305.484884 694559.828349
178763.491958 -984580.919148
-260177.662906 288069.482501
873037.120163 -147632.324622
-384397.554759 -877978.283650
-496924.637619 113179.387081
-123494.209571 -671550.076196
-433402.997683 986269.143129
-160726.817480 -64538.744343
-176201.949237 464987.908765
-431115.006883 -640762.121713
-391636.810308 278461.876797
510664.030122 836696.514748
616713.260031 652786.722779
39587.878098 190456.583163
493544.729767 359613.308026
-993802.053968 306177.625419
657548.773863 -837779.425224
628677.145175 -103114.435018
-444068.218007 520946.732997
-910009.967155 693816.201660
-288483.969545 -552956.407057
81502.892327 623274.680755
283029.289522 224401.942703
521426.910758 -123182.968948
656691.408293 810607.496607
314747.239951 558646.328783
344561.520799 -866930.132195
308017.040136 105352.695191
-457242.087608 948562.809065
-208619.868993 -262636.957454
249724.780082 777917.416787
233682.842508 588448.693197
-44480.281921 396970.514046
-150495.614633 730964.425846
968195.984843 300732.970251
-802722.628388 -596336.472236
852890.439102 175269.433239
276631.318193 892768.330180
185082.620586 467763.869243
962138.853298 605710.876637
264227.054499 -131934.401313
-7364.822784 750128.969631
158987.294255 741151.253241
743607.183602 835764.150175
375741.129554 -554862.407879
-532230.925522 352852.983458
-837316.630266 490361.458844
298670.780075 874883.404943
-834254.655107 -343247.012370
-199002.944281 -933948.462003
-231685.149791 -157772.539291
743171.891861 175938.161480
-597359.066665 -824236.225847
176923.680424 756750.911501
-251634.082109 280988.958549
117102.729856 -970503.525063
681098.306631 -109201.514230
-486798.550369 282303.474464
-779662.138177 -209284.576467
849012.514279 -940624.343219
-180926.324085 308581.475791
-519676.220765 -395254.411339
780672.926450 647488.709910
197985.805900 744595.666393
148158.748574 -95805.587230
754401.923951 -871112.701179
-341527.547076 -983074.599771
-968293.828495 45353.773902
-623143.507181 214747.949090
-321026.088987 -329258.061658
-706903.421588 -939321.883392
-987276.520695 -136268.279594
746663.019748 884748.995432
314674.264675 -328546.035532
-100077.019517 -786696.138272
588094.386489 623593.121631
-474895.172163 806491.952259
284069.538414 -719774.632973
-545861.067587 421999.856813
432832.773085 -457924.064243
770072.237197 608587.125394
903405.872018 -980268.660225
85762.377706 -235300.084936
-792613.996600 -541046.319686
567368.485655 -136301.848409
-151896.288048 -913421.145560
788512.829191 -829188.829151
-528935.479482 -570665.807105
570311.011980 520644.721283
-180292.514416 114535.604491
560500.653443 691651.241502
245787.978418 -87064.218566
-612552.585172 -229925.684158
721702.470818 -714247.798188
-541322.288777 740835.846365
-27123.070435 883494.454678
607543.766800 -39145.881161
-824919.073523 -396364.418937
225210.137641 394352.529118
-983857.113194 582408.065816
-531920.921557 -85019.703517
-291187.267465 -479424.613505
-878032.424003 -847325.475230
32229.803700 104892.517235
730910.737779 -154637.518486
-346251.038758 69190.911257
-758195.693117 -168693.069135
131077.740677 297752.943544
690502.150660 -813757.082766
660761.620060 -208524.072505
809214.433920 264664.205939
-913808.273629 498657.961596
889215.772091 76064.057392
34219.499724 871839.018791
242481.698226 141912.909908
108589.769129 934177.615095
806976.703222 21893.398914
-160474.524878 -247168.889370
-381479.915221 205993.344231
864429.529595 463885.977489
-246813.485699 88021.591585
704908.178269 -752198.145921
-220152.461552 4904.982421
727060.852931 -413942.315895
825321.597620 -471021.403936
-793814.256359 558055.548695
218911.946807 -26878.081362
-106453.520399 82731.846975
348571.140628 879227.122763
-408359.982373 -93061.492638
938507.742762 -185237.194885
910586.212665 -592468.342811
-296745.871529 106685.373504
469281.535315 -370050.101466
80437.279281 652580.508432
-671268.116800 286559.668579
214531.441960 -106820.511124
-516076.604984 457949.866762
781687.113810 750853.954391
-423696.207050 -97203.289795
-491856.937063 -252460.139645
366042.539942 553233.913747
661435.302943 924652.550496
150814.460354 -235762.353272
250306.921622 -381317.959254
-269231.629837 803058.136676
971425.361075 886529.426923
-584185.548043 985258.872025
-36065.175868 -937619.802998
-917867.788938 906719.678490
-18911.954859 -936743.138810
590245.900681 -7340.732398
-860744.560774 941574.236705
-307849.003182 917388.757172
491511.124292 -380966.420542
187217.807525 215073.648190
386236.259241 -163925.516529
491140.459350 500213.643415
966887.359596 -482251.530977
-46882.450140 -526646.130556
431778.418067 -383501.822844
795108.583216 -334087.612036
210596.600599 763461.871484
-3217.931038 368135.498083
-797900.727631 -328724.411151
368656.846703 636096.756642
55349.820578 -201898.052975
-333093.475198 653843.850611
898619.523191 -467965.509111
686213.345070 -909054.137387
-388971.669339 -673756.260133
-506689.465777 391937.409344
-637568.083200 -112233.417177
-902768.772371 -117472.159535
30753.611977 -544261.268061
-719088.410672 -324924.156268
-492943.713925 829458.948823
697187.531687 -715916.850335
785811.925266 -350086.789602
406050.447709 -886865.393541
894221.857160 -533092.551119
737439.654601 62114.091899
871196.916401 382977.688181
164908.837169 -32018.810540
-27470.213802 -846346.836333
-532263.915928 241323.879540
-196936.901688 472106.997182
786647.377610 254203.550835
714810.753094 759792.062594
705169.409968 604551.306358
657135.430018 -477647.696038
382527.863809 391563.952160
387172.866054 173448.701985
666481.244327 902744.219587
-500752.902455 912534.051254
87562.859173 -941599.495239
33681.161713 -707760.417491
-777715.983494 -54987.607590
837568.893740 -275965.497428
-246378.459099 313928.027599
883827.978255 -862918.309386
-130217.894912 -78870.524444
-916530.594122 760573.772783
95340.110133 723596.500177
96404.519849 -528366.702993
533406.842785 -390962.669698
115317.351595 118543.218917
-695574.247185 -853512.828139
158510.357598 -65479.054042
189782.734607 830005.174420
-383493.605424 11240.755805
-39090.702868 747379.098223
-218182.383775 180501.264180
-786934.874668 588807.172147
238697.125193 892422.355629
-151944.875505 -487178.833152
-757207.823703 256350.515789
647016.865270 876523.377551
-337568.649869 -892922.482164
364022.247400 -323547.849689
948933.565074 -61789.794300
886647.090418 291216.653001
-947582.406405 487544.802558
317529.932097 -108070.279552
865242.291527 -755591.746761
750578.896703 -525795.038873
987487.110098 280366.988111
-769138.991796 324873.946589
46013.640219 -6634.873046
-493978.327138 -492935.539206
-138817.684634 -575147.605742
179949.238264 591410.974834
484981.032700 -274114.808732
-139719.593427 799277.503723
-241626.283848 216311.243292
-983799.941194 -924781.665198
-74581.744360 365964.130510
144628.355399 -462133.533743
248661.348188 -217596.591300
-248556.468756 332532.330048
-810363.811460 730667.694775
-864712.755596 194300.491396
635697.685943 -252632.358891
-180925.154942 739477.136965
-765636.761150 238236.514060
316719.572100 587050.912730
960012.340277 960729.788279
847557.288028 -779356.469648
123829.722037 -605095.236170
-698813.293273 -778370.611023
347709.557342 -201934.614245
216339.663689 696052.585315
-888674.885070 -654450.031485
972669.570261 224458.049990
-860911.501604 725529.985185
-795672.931517 443987.248632
691444.749431 920649.429326
-698257.673728 -249519.181179
-510763.056519 56943.619483
-263179.563427 711534.263603
-776736.593048 440297.961103
-48358.472968 -804711.139370
-213027.233680 681615.035499
-769104.318660 498091.807079
457834.982162 728667.698916
-103042.344500 -949866.613483
-266331.634202 -201269.092275
-68695.473598 -10088.339691
-493675.402079 -634222.015114
880149.035447 -591303.368881
238780.821123 -446552.056735
-257437.818411 -584755.378784
-102873.778903 318390.592185
-955103.904317 531744.339905
884607.360311 165268.808652
158311.590898 833744.268734
-353239.971960 895669.529987
815992.184094 -166184.797485
-73494.922021 -632978.868819
19799.197929 463108.799614
-354525.704573 277886.459868
-677575.625209 925455.209457
744776.487717 221143.176255
-121001.910791 -367621.723341
569124.202386 -925064.432359
-244649.497904 -455898.243362
788860.024838 -704106.922713
509371.042332 361404.488497
553679.862698 911646.273149
978590.204541 -757669.904306
673517.991277 28890.440720
-700003.277623 -734895.344612
787588.331176 -500137.095476
887189.666490 160053.098604
654433.658549 -334887.248833
-75820.698702 -452943.945842
-487898.482232 -418804.096124
-286296.054071 -222535.026500
-862707.338021 -616134.342550
918500.621924 261552.667045
998425.166267 331393.469932
106196.128008 -315121.307653
-138528.655774 -717241.497827
438240.753886 806143.160003
-16657.558350 371810.962818
768367.335259 -572113.160937
-462258.204549 228391.631665
29798.114903 847954.975799
689477.137382 954518.749279
-178777.386025 533286.176107
-992281.513624 -798420.699825
331450.152550 -581924.313554
739481.033089 -882298.018592
39277.155596 -552362.274976
669787.028750 -660933.070287
864908.710501 495991.344269
507634.582167 -375240.345329
868584.960873 -571560.481554
551078.587258 413710.181291
-580352.954759 -602306.913914
-10204.916933 98833.263796
735961.478337 -467791.297902
21226.190596 -646481.532689
859253.944872 -829409.877385
664885.801450 -988411.722978
-734366.187472 -798912.947274
-33023.535767 824858.318942
-522790.745583 187262.597936
373458.867081 660185.080681
264802.421124 -675764.235765
311869.188731 942850.461946
-894490.880173 -88193.534319
922398.223681 891288.623864
756555.531939 -602695.196774
589758.419844 565040.873323
-35874.016328 -128339.800365
-447951.478580 -742489.090375
-364747.234561 653560.312574
-530170.978239 -419445.598689
519183.088183 -430805.265088
737723.191044 -915804.717281
-367159.718954 -144345.471402
123406.815623 -398467.139622
444614.525759 612662.846680
-693420.334033 -805150.522250
-758651.464092 -251869.594828
-138352.826775 -697827.556035
-127781.592997 -403477.902220
-872542.253567 -525286.340220
838232.226527 -113285.862870
167930.855686 448406.544878
412592.791794 214401.147197
-185035.161738 -701998.750660
1022.769449 185131.119300
-771699.895460 -666106.074845
-56758.806831 -824984.248350
184733.384753 58188.444648
-222741.734546 -229394.548875
-265525.967009 356345.788796
99247.335616 968121.493948
-757268.331659 465041.964769
877605.517171 -4333.447078
-544003.556042 -255367.969642
-517423.547065 889187.949964
-72163.646259 812385.172524
-8784.070731 689360.202409
459181.573340 -264020.624752
874438.057766 -449008.711265
-558804.853753 578698.803602
-476734.712189 888656.490801
319695.260080 960919.771038
551719.327029 -883514.118815
-142911.279797 -767993.093533
440724.082695 656200.518970
803146.732369 -843517.510961
-362310.734266 698331.979083
456764.506679 -83902.576621
-403488.752025 984221.403379
21564.054660 990826.250910
-195380.424222 -217486.146810
-820930.282662 351525.116446
542093.634103 -887665.174911
869000.945446 397161.799999
-194502.060331 906749.756878
56037.921600 950087.199571
719996.603762 284239.413061
-523829.872974 -768021.936398
-382889.405129 -482513.173072
-861201.974547 946244.875811
-506008.423975 -786707.433491
927637.773373 -70059.155137
385038.421475 -949852.526028
995037.861630 -288713.065684
-493004.824313 955218.286875
465144.158487 69722.839754
-942470.740322 -230409.639712
-179839.360383 308476.847621
-798495.331497 -547056.310531
711109.872170 353508.308297
433340.967916 117049.355711
-554313.182363 145425.592935
-911334.841715 -586062.985241
-609903.560674 428012.061734
-244399.570334 -983306.448565
885204.214468 -649888.545517
-910853.900978 524685.357296
362957.572756 490718.561757
-522815.661800 778642.028983
501611.261200 411604.068421
-291104.035312 -395458.307628
-214352.261928 1063.028188
648872.904236 -418032.384182
63925.404719 -597992.881009
-482240.683283 871030.954924
-500402.790689 165954.893169
10328.571890 -729111.620458
-168905.547241 -49589.587921
191326.271492 34085.606716
537101.470510 551078.921572
-980333.566018 -882479.716998
-710899.553670 -846488.660501
670694.086228 349992.613031
-160521.251724 761153.734135
-724315.008787 246818.629746
-804786.052428 622048.445934
-807963.177593 -512825.271754
122612.157366 621688.006887
903322.148612 754090.991531
354466.138848 -335765.815468
890748.987320 854667.732856
731306.019220 46352.316685
-950091.989627 376579.571276
35452.413232 -120332.177603
-377683.941532 965227.787137
852405.631214 103104.736328
958379.889392 -829371.599213
-340778.891833 738753.228656
699556.905214 -623584.934357
-598969.970881 461207.800030
494735.292214 -907915.816108
-968911.953849 233928.819895
-437166.968355 -611299.779051
915382.278039 -442536.231417
-409087.663682 75307.731845
708746.003322 914261.302677
318617.946901 732434.392029
-652247.345501 -121920.942184
-507466.461580 -630301.385893
-485931.558920 78045.583694
830560.001072 -504145.058997
794954.822365 205816.567764
-888202.322798 343381.941220
-69772.047291 -48494.423591
-576687.998181 -299171.188551