600
965227.923734 360540.650162
283820.377658 613245.669799
-352638.668416 -535411.678409
574631.601713 -807454.129335
-193093.606853 171641.806219
768276.945595 853406.334830
567626.662369 -184450.076920
-115654.511412 967329.236216
-103989.131445 -942294.465365
-897021.419380 311075.372264
772487.945969 -431922.899998
440836.208156 -897882.940445
671214.432068 298109.411089
-615266.260702 384457.385295
621676.014733 868587.324625
139238.284364 361025.051016
53258.829945 -826500.118877
98201.062958 958527.654488
66257.475279 -646590.620313
-859138.556522 520709.750816
-310686.699485 19703.172235
-538345.365167 -401103.745003
43753.134226 -502544.888652
278094.554021 -189631.704654
-2069.536950 -182670.965237
-871953.957475 358993.251861
265378.024804 -132096.436734
523347.389062 -134426.650470
-889891.711827 772688.748505
543303.051461 649614.800041
765998.114484 -30493.664372
-180089.720618 -412388.473877
200029.308320 -630641.939194
476246.366424 446160.833036
-281741.531560 869551.194574
924650.731468 406785.410851
842640.319435 -735390.068888
438820.230011 878995.278353
-626559.399631 -621753.469910
759334.562897 -969022.077811
-381721.096210 -193242.747718
-239382.198794 422897.264570
603130.841896 838102.236699
177401.230440 159683.921852
-852792.724901 -760016.299723
742166.715322 575741.061916
755507.117719 -430703.547289
650823.230989 -257305.915932
798966.029755 -683712.824101
150914.994453 -478705.173749
966481.486674 -125143.566200
672329.249094 -299547.463315
49841.413071 -929170.408425
158207.680279 -247337.820912
-607553.297491 -731874.122993
-286631.752599 319102.721079
750469.702852 694429.531883
-235513.604047 -173088.356031
788965.922774 757182.700385
-888969.173532 662313.753840
404878.952670 682797.119431
131194.103961 691786.437424
-538095.605236 613291.305563
489339.421726 711127.678998
-127449.503128 -858236.873011
257828.917857 -131498.370267
-500126.851896 457203.844873
993760.938108 -915851.519023
-491468.976364 -166960.685093
-300977.123148 -263453.858324
188052.325672 249013.507313
-877219.192236 649320.188401
372500.049903 -67798.841859
-536016.490660 -712438.724006
200628.882286 -302308.585330
-82920.382260 -559421.043567
221377.329261 975932.442445
163512.457455 -167922.017604
853212.423911 -439951.658878
478808.425194 603372.864298
-428783.363258 -130216.617647
-800213.992733 -24426.689283
-576983.135745 -818865.688672
671354.521899 -703980.707440
869229.107453 -21938.868273
-913902.616628 995759.853399
-144592.857870 851308.464069
56130.892267 814520.958443
804254.898440 707465.131061
942233.507423 -478519.349669
318853.872787 269404.240027
-866430.972051 57518.292450
513760.409808 412646.280891
586737.571319 -558070.354765
-937003.139773 394650.580371
657740.219158 -105161.886455
870033.571409 -740608.754667
322362.757454 60526.385727
461473.604599 458801.632823
496765.313894 377303.292420
888010.023595 -885337.755738
478211.226122 -110053.835019
-954302.123723 -760401.388064
763195.271379 821526.786534
317097.812895 856034.439187
401915.541348 -668741.832931
-395571.272547 518134.748015
51939.734878 489639.276972
-173306.388924 172448.219207
357621.030901 593173.012346
-403591.713490 900357.450793
-767880.049652 506340.308374
-157314.845693 63146.146973
901628.986586 -84690.557482
-424732.729901 -333482.882143
332102.945483 -180937.626380
-637201.327696 -283814.880019
-899956.828835 42986.827806
486043.266458 561959.740096
-710063.609511 853205.218705
-788750.451862 285327.750004
-907308.172134 -957136.710974
998144.136170 763508.821857
-390063.210929 -191577.962764
637181.275433 714828.593229
-96453.076840 712255.347475
633512.848620 -239197.392613
-135622.770683 525210.333028
825177.017624 935321.298537
797465.317143 848537.204056
833410.948641 -642458.874783
707937.268493 -817652.970520
-206715.427104 508929.658659
-365954.885700 262839.125149
-916527.753566 261471.996536
57299.655444 10059.751031
-550878.465754 94759.751185
-12457.658325 -58921.446835
-550912.321162 199295.245622
-883194.522895 -927177.043501
874388.195846 -223216.409022
880444.880766 -329738.670885
-944978.572150 392200.224645
-800395.327891 406671.315150
584818.697863 541952.069412
-363461.167552 -342746.317372
-857399.203719 -437230.335168
435072.405235 -735007.317433
406430.753292 593570.081593
399084.043612 -120302.430853
30602.515116 -877630.713532
826342.438838 984980.129171
798593.746433 -79570.906255
511594.610825 189687.532302
-760157.995336 -508299.417776
-366020.097028 -829862.242501
837809.964884 -199573.136348
685050.095340 672689.534495
-837309.102157 804654.393546
902851.106356 -640016.977218
-406520.703385 -165028.319677
-567301.014010 -755529.341491
662645.575569 144837.223987
779647.504506 257678.942503
888456.749294 -497051.223051
-707751.612468 -487119.640519
341653.063388 629640.633725
143952.348555 975134.788212
-886720.567229 859399.345407
-647234.010190 161535.344592
-864684.901346 401703.170109
826835.941453 467676.611043
721392.048871 671592.640213
9223.826746 -217812.492723
-389664.201213 951174.164001
-89560.088387 -209102.414122
-398475.083247 -370396.739497
804881.806886 653152.558990
516596.785292 -673009.819935
998189.229525 -582922.723621
-224580.368118 172539.413178
849823.260281 -624977.995808
-860298.442515 916594.464986
570601.505905 651631.339639
-776746.743409 296763.995688
37781.296042 -201787.167223
-353097.036306 64068.493277
476655.103258 262031.455271
410595.335093 972411.849957
-507033.713277 812373.672226
715280.297607 165105.262159
930506.163941 966320.657669
7333.170954 852803.131946
725165.532010 881995.142553
60771.625432 964571.845097
708965.217750 726203.915883
454567.131019 -108625.392648
-548208.488253 -225758.037680
-653424.152571 996580.765383
691470.871975 -464537.766267
-743041.577820 -98007.657470
460347.154632 11988.468528
-465084.672802 -845380.345148
-330914.495432 -813450.022081
-701398.755900 -978305.053786
647767.534554 -393182.607831
311223.913782 112362.776914
-623054.242198 857641.297950
182036.707834 -679464.262398
-796536.292645 298885.722927
834971.985470 -961269.072880
-407451.236804 -573312.169232
-685023.943821 32765.532834
882612.314634 238209.466178
209266.651705 -912545.666545
347763.834038 -245495.133910
550714.264092 -267654.184880
-491919.790595 -530209.749386
17774.581373 671344.618818
381775.117912 265965.170444
-935421.680503 -856378.383769
-822567.928058 -900305.263615
812128.779970 -607004.201517
436257.930856 2050.643647
595429.177990 878898.557318
-404732.599414 -987397.255541
-30827.714477 858086.481941
-287944.366235 -112022.452668
-218467.162439 -703807.547420
552663.452332 299676.721041
-759268.881556 797728.149745
605522.443810 736221.065419
392782.362160 959933.659665
-607649.212117 39166.523044
-3379.873311 -750976.348812
-519012.840574 317435.632290
919581.503163 -407797.315303
14534.771113 -639985.349009
-677824.472299 -181430.046019
-949285.440590 -320717.282325
110332.457873 154575.894720
-516949.623813 -144636.687468
800171.545489 -26801.594064
-874260.296209 32665.230943
-906486.839238 -144992.617284
178307.995528 518283.182716
672776.343856 -325147.805579
-204315.925349 -122612.651469
-529273.709435 -232881.741372
-220796.765945 -361885.234591
-250111.000681 -359586.149771
539881.418574 586681.455359
711526.115490 959535.817475
982960.905941 805234.402485
123025.318138 -321432.293895
2621.018508 548034.683484
55547.179130 -314464.071279
88994.588498 997106.823586
-241181.591621 709773.842567
-341176.525060 435438.447813
-989498.404145 -483651.648321
47808.354084 854586.878247
-279890.724162 634173.006181
405910.550576 -623847.645716
-519732.059300 492159.295491
434969.235369 -334073.695881
804666.046458 90457.730308
-314057.295532 -885799.688496
999698.317278 279789.286405
247648.182867 99598.810882
-348043.360246 890704.402785
670786.012596 -851114.223884
-330892.902363 317827.684824
544918.589950 610586.318387
-340465.456291 390536.587399
512874.398566 205065.707121
-563164.848426 845503.153209
756597.812328 169965.886628
-781440.631600 -951019.636835
-177616.725680 791444.907230
-213414.213957 615777.566277
-90882.332869 -35783.110277
583700.125572 -355289.962753
32482.173393 -935424.835486
-418762.499415 113429.498520
738710.666480 -561358.116394
838076.127624 -275861.606164
-687242.597346 494579.743560
463083.785028 -302690.180683
613809.627095 -98501.469285
393614.306656 925557.426633
773994.124535 436836.632437
800615.953757 440392.473531
363548.264536 366470.746925
-822182.157417 -547467.349305
43288.151400 267543.582567
-735048.764977 282586.611796
862215.142346 -135423.625948
831830.362376 -487174.327052
-622526.500794 45781.362952
-518704.049208 400253.783435
-426247.410649 -42519.687886
90150.458659 109679.885081
55765.750471 17357.717335
-729601.584812 -817958.660504
-503742.208398 -146093.303787
100847.212718 675212.435226
269381.755028 894230.729319
-343578.811704 -426749.722029
683758.447764 -271527.107936
172965.076374 -979956.677600
-960935.218539 -932085.261557
-604036.272389 140303.533448
-256753.924792 -930257.374206
-885244.762992 -876506.081245
-338475.147429 160866.692623
435690.276322 -458134.794578
-159018.612254 -357242.468063
-384782.679962 705757.564563
-752000.917364 804277.691157
709569.248952 417335.161279
-639194.665859 957637.639565
-339284.062214 249730.633539
-214247.539674 -481989.688084
-497908.973509 -232656.389289
-574003.438481 -633848.553169
-405059.497345 331479.020958
-524415.527858 557540.969864
-129257.540253 -871210.641848
156995.276979 -647258.362490
-197390.586584 697738.784201
-979497.971552 -823299.216754
721273.131972 -52440.476119
371954.212458 339075.920824
336910.880270 -833179.592703
-902792.526217 585490.185630
779505.764391 226676.393490
909277.568245 798504.962898
-177306.537428 -899414.655153
-390160.043146 876553.940478
-814615.568586 -684808.060701
182080.425951 191123.045402
506271.079145 569838.658250
-55189.027616 -537011.255174
116965.961949 284931.914661
657589.434340 -279246.050796
-302188.440008 679446.179334
850303.027310 815502.362605
441026.386599 -387312.145448
-395747.964011 868417.006091
-255954.029690 412341.599190
-38482.292642 125710.576553
546032.710817 -113009.180423
838583.319660 -42156.010616
886024.326688 -802967.411657
620523.012463 -437078.090062
353839.913538 902457.258448
724458.339108 -935024.224769
205637.528299 -977001.770448
717063.728179 534554.270406
-762577.770485 966748.030571
550517.592268 -243225.249386
602765.421898 409035.468130
-605179.477522 638673.625022
-519791.872945 -51065.067056
-716816.097270 518531.470643
310177.778475 -164710.891868
-813313.518898 -933049.807680
-902698.022310 -38215.279585
498676.486995 500025.515269
6924.866897 228229.252463
-466608.917740 373898.139846
315445.486446 -797063.322495
411434.655256 -698961.604532
-525469.378930 210519.910584
-648909.916403 394498.590832
-663615.057709 539559.211932
-123507.113958 530199.876977
-586173.885424 -745002.784278
-318608.698042 -169429.274493
167769.827060 349207.955980
100441.862891 875658.229445
-875653.159672 -92036.593912
-92524.752040 209829.951446
-541683.237672 215434.845430
679778.686011 108663.023890
128109.405340 127599.848291
-601372.909532 -728684.781202
-51279.208783 -719213.850661
-671842.470189 482251.096792
390161.311530 -958459.845644
645871.734284 161082.330527
-31451.406143 -137819.408218
910240.859842 -664139.345157
-933776.656145 -695701.118136
961845.358444 438430.165817
-764477.404626 -643011.678438
-608149.050050 -514266.459543
765979.222974 -374597.367267
835734.450257 -89690.254589
-33289.456968 980658.042005
-479843.433309 -74512.770966
-456084.384127 631964.656573
-124004.388825 283024.554137
349909.418099 923019.408098
-264626.736941 210061.359128
923732.089807 -411080.084981
278242.616682 -164534.209252
589556.219155 -35770.450786
-447612.771148 -457276.231927
-166975.876884 -633337.734989
835602.446210 -867778.818155
537265.359297 -52421.646761
878460.956730 -484263.707677
438271.770646 -330109.194254
715837.052119 -839118.813594
-708493.014422 643921.348891
-263870.320264 429928.119596
725821.306788 -607783.472325
482683.735999 97271.207311
328161.384659 -936312.870746
-595611.913226 -935313.653537
-190161.619170 -540012.280399
561760.331212 885499.965746
50752.804385 -139244.294689
-70320.935287 -853072.633865
100341.775363 194749.600213
770568.123653 -694955.500512
-241858.567457 -246020.996466
984291.788619 498576.196544
570556.253028 -937398.666123
716183.687266 946864.644626
969957.797551 469156.437641
581745.038145 820964.484878
516281.814745 -366826.897447
138245.346651 -349713.903367
-63010.523672 -887665.947247
-705408.487256 -720726.959018
654855.450471 -274321.633806
133236.197976 -677498.842905
946092.904850 159981.552643
624843.272007 -377324.323914
833769.897878 180034.684018
-563126.733203 -265982.630590
-583061.129549 362822.717852
147797.355217 -389960.659151
-374812.471707 -338989.426818
-805586.549922 49191.186389
862779.483922 -514820.018557
-840735.729699 737505.424877
865641.151356 -803847.989357
164706.560564 413657.479906
-785333.817251 -927854.859544
260612.177770 20645.896684
-641061.292908 -289914.379182
-964403.521633 500101.475427
-400362.126247 -260481.876861
959994.771087 -971155.010189
10787.122131 -24679.662633
-379166.198191 402088.762114
807334.448524 527326.963253
-659603.104243 -112425.184397
693677.833070 700568.669154
-30687.453734 807229.342802
746995.751618 -94403.673763
-512779.814968 -140364.136783
-132067.621402 242262.033813
-973423.969478 -840731.255688
213615.786590 -582357.709994
180823.617643 88226.595061
-624912.697426 876258.681880
-904326.010421 -537281.089302
455589.187644 169527.073251
942928.753162 -69141.840429
650135.364967 -925347.404905
770837.836037 -992298.621827
-385133.343847 292148.570685
730527.928417 696591.766366
-72222.841520 489910.380324
-750320.472285 -916090.089836
85312.038323 -926876.178905
-776541.323235 -827709.194462
535711.003488 -479640.349728
-817801.578570 63017.574931
869928.941229 11544.918828
-12761.339085 -683765.210802
-903738.891277 -90793.534848
440918.386225 256226.640997
535975.422851 -103051.641396
-688819.988161 -406950.683381
-945845.266036 316148.733197
-224445.628133 515580.902619
-355633.034600 -169039.731988
-361484.667647 558084.007853
598025.347009 -132985.785983
305935.626264 -778922.597301
-678372.008435 -358784.102412
-538239.896172 710628.915565
-607318.442620 761284.598874
-938193.361408 100406.507274
-536825.969370 488685.616402
-362157.147026 745533.511291
521689.962652 -471480.043555
275491.746270 609400.077626
-186139.816945 -74187.084403
661260.793021 373346.818541
-314094.740292 -293817.607314
-739334.779839 819334.167895
263931.848380 -470225.562484
358514.621754 -547527.112275
864863.986830 -635266.071220
519245.149955 -455216.011607
338773.530506 -41598.181899
348134.396131 -766505.051637
-482885.610909 854916.500619
983070.211981 831762.547430
543172.793596 399702.218219
133548.952376 695298.666887
-223196.228465 -504714.126742
409396.864870 467979.953523
-377229.630746 -554540.204508
-818195.013360 -345941.187837
-876432.587231 776437.460486
-638687.429439 -162834.966128
-221815.073350 -564328.372974
161747.873686 951226.795739
535908.898645 -953752.908106
160592.159249 172682.292290
-607827.618112 306633.952159
209661.260113 130731.267222
364567.671698 205605.659869
-45441.792501 288866.345328
-471452.327967 653315.831679
885939.211929 -980717.867095
-240741.831954 -828734.048916
486067.245671 238418.867228
142620.491746 275908.156840
-910182.183206 886561.238517
512201.364656 215974.252031
74588.257495 232988.730057
709445.430496 620775.826655
214043.750309 -876794.252700
763027.300164 583411.966227
-804218.007220 -191068.243086
-240578.860332 -956530.329597
89532.598683 971315.967566
-532987.284565 -12003.248653
600875.267151 -449957.619449
-848479.604421 854252.510103
-862092.510231 937299.261829
-865551.002868 907474.773836
252136.771901 870995.695771
314496.494348 662862.200192
-440600.817079 867981.311256
-632253.520589 656269.092144
619645.882638 841631.636877
-668270.335896 -310819.959283
-284889.659111 108459.128410
179968.702978 -754248.400026
503687.448819 642544.758690
-284859.350127 -230220.098750
-88362.144593 -753193.369426
-642601.901109 457980.283272
611380.660331 863117.838876
474887.517230 -250312.554394
-594001.813984 257173.967465
-576449.240405 482790.510234
967975.720865 684275.762865
586342.073503 -381134.670526
-82657.112447 -416282.548646
487401.367860 543412.969777
-758195.067643 657106.175442
245561.202528 -216607.288266
-953647.614667 -976063.874810
-518584.434519 -913968.751628
-407687.070500 912316.251623
-311749.004705 353388.788083
415715.038853 464037.093714
-426481.419029 -580240.540475
-625468.653499 760319.228372
735846.058068 146947.068792
832401.669072 -172095.282251
382313.537975 892882.864337
771366.268492 -229289.902071
333178.321596 133389.079076
-879285.286395 229071.858525
692757.675940 497669.929922
-303367.556813 -251537.150393
766255.115109 -532534.951298
120647.749574 232359.447608
-679500.794860 -605284.214788
-591566.279736 237175.845171
623371.457531 -26095.586619
-266064.183250 -393501.657087
-586639.370096 -814046.756809
-848142.102054 -928277.003042
-704449.594447 -420519.971439
733313.964818 274712.850197
-945318.348666 -458322.554347
806120.072043 997901.288560