120
22311.392921 694537.674349
333995.089859 716750.064488
-760530.844473 902010.491518
137874.957605 -277487.219619
-865589.889776 492812.620808
-364357.471943 24991.614258
590529.704438 -249275.169614
-348951.346400 -677728.628731
71142.661439 -382016.435959
759810.722667 -480031.985013
-80993.929476 274819.273512
154669.349318 7266.447004
-960101.345346 459237.872846
855656.938938 880484.499030
796488.278337 101385.736586
-114255.167161 102522.477992
546643.787556 -516613.374258
124086.253132 907894.915000
73674.666441 -795536.421763
-276436.850574 59902.132593
-412073.954510 -924934.441747
-790116.943391 105786.233022
-698998.762468 -336902.856895
75432.535030 610691.327066
129384.241079 969614.895734
970427.886253 -292552.863571
46186.956877 -971763.881878
326847.836034 424777.295514
146317.851918 77633.303628
6964.113277 -730656.821797
-777104.915955 227358.017015
162936.230447 432261.167637
-26937.564161 627477.018280
35594.977738 842840.611226
-337362.949048 -165166.417221
900896.978892 447434.932745
790798.827241 -836730.650993
980134.022115 731081.295785
-254860.043985 340907.612198
-535697.982020 -29164.809235
139203.271811 -108738.750679
423788.389174 49455.943047
-982077.075047 -106303.939147
-50570.478978 680201.259393
-913081.968471 297278.279663
41931.190016 227371.393040
-581903.415031 -636470.669798
337405.130486 -974651.449800
-735680.928585 682625.760834
-462175.203129 389885.457526
-895978.696294 -115187.691559
613993.334142 -905773.233764
20962.298114 422884.993721
-927000.941854 -171488.563101
61342.929077 -857284.307879
-600616.538431 669406.880586
882066.985905 -993094.170776
483204.437289 -49055.393308
50916.257217 -720614.704309
201331.910226 907532.526346
-732707.902929 200705.364043
-984842.126756 147817.383214
285875.133751 -90090.213300
-514920.012127 -4175.375128
-321619.299989 -185462.070695
-950939.840810 669974.740379
-218841.865212 392215.970937
-221578.431854 -977492.373937
-545236.025503 -523733.850443
185088.054696 617498.729658
-214954.558037 -160214.006871
-20483.387276 -89051.631719
-622083.133412 -495581.861271
321399.414843 -589111.599006
-283210.331531 587490.473041
-746936.871753 -767090.090924
741847.011608 396436.558589
772972.955115 -431623.912831
-498832.246207 -653115.953783
-439953.763098 -36851.867563
-310690.070631 -966056.787251
-972104.698473 327187.938772
-386270.309807 770193.582380
926287.735390 697094.393193
677936.309412 -11025.561564
194492.147033 -494775.616706
881970.443451 131608.516529
903607.505918 790762.072685
-178347.230230 -981528.626517
469383.917175 86080.362371
-743093.468299 -20793.953269
699698.332913 -24328.030429
-977315.031420 -280131.785079
762570.559368 -544412.486315
272402.160878 791833.517913
-712635.424641 898323.822238
-680264.172275 -263084.275096
776364.466065 -134035.628423
-934624.547290 -37880.393038
888608.815866 191092.270363
-409002.272013 10637.121786
-850853.717020 -82974.457026
-569205.923638 -550373.677367
-34712.920753 -271076.888491
-92706.364689 -537157.518494
427264.446090 -263927.500953
-708631.800673 142568.567082
417069.198647 -960388.151641
-290671.606797 157309.722140
241996.839702 276583.114393
-368305.342950 -589990.191369
748540.814444 -641674.333751
-324531.402002 -377665.709701
602989.871941 -533279.484853
62156.067606 -566618.074486
125871.211819 66971.346704
356712.271600 360494.743213
-688259.329257 599385.803083
-720716.050941 -187170.379746
-118503.038416 987194.275957