1500
482753.796891 -383605.825371
-977378.143195 -388250.587222
91493.315175 -145783.267285
-602308.552687 436277.844385
-911794.291364 -297025.228476
886945.638071 -907385.196861
157544.954184 177372.464229
740383.114995 947492.764534
-216686.185682 -386275.332850
-109262.145304 -526417.970586
-895781.453892 222909.135049
-764823.779677 965416.544119
-543069.869322 554005.390992
347969.606632 -896456.145553
227085.844595 -384593.962320
-938608.687315 840912.970471
-56452.135792 -248007.786329
-403603.474777 763057.661928
-345516.206481 -661885.834143
494823.403508 611764.753583
-312007.150583 -816228.030381
-749864.474340 936566.055173
-550658.004004 150931.921979
-626980.180463 -96400.544717
87622.366035 168408.018595
-582924.563569 510430.427011
898162.371253 -293646.713912
-743456.713590 -892781.146777
471559.898183 -523967.134724
-860985.382017 265579.116400
-887857.975032 -589378.927675
-426279.198632 592316.797184
-3013.613503 -473515.041930
803526.127853 -78473.373960
72479.034235 -369939.882221
-427663.906823 432813.091676
-668267.767577 853615.150159
194648.355126 -559133.218808
90128.700298 562440.741899
130604.949550 905678.902421
-696061.784643 433656.069015
-444603.243428 210363.725639
-754947.719485 228704.952601
49016.718162 459149.749737
452385.788218 -500479.641535
-964992.401725 -609093.895639
-295057.308404 -496332.434431
-347807.100768 21571.771947
-701037.652798 588491.305553
144857.525466 255785.935925
346646.694851 -132409.717952
-489683.030167 -397967.246069
-627438.511767 -159651.270894
-108235.070460 -755607.836887
436665.738503 -340248.826082
-417638.382770 -821692.697549
-39843.523182 50634.840793
395706.964874 949057.293732
-172598.330114 -850018.140277
15015.120818 -760238.993510
381680.771268 -661033.983306
-393211.880631 -737076.454391
998923.916198 190721.577100
381417.713504 403472.806441
-361624.163805 -260951.820252
69511.778459 -263362.757663
-925907.641808 166377.725524
335073.045294 -217797.432359
318383.312072 -167514.407711
-981286.108336 -311433.985098
265684.120612 338920.430523
120034.342854 -117158.095134
407957.623168 -321102.719923
-747836.885423 487667.986000
-366755.531041 -942090.772048
-802666.590412 614119.247245
886246.478802 -358687.536800
-255095.485367 646079.987277
575235.771041 -704682.423515
-512371.582884 322152.542511
-69713.383661 229073.825750
89140.267262 -564954.726414
898886.993329 83491.159656
-68388.210033 512010.868730
435901.166396 -302216.962843
703677.464775 579704.353067
-176629.191942 160060.695531
-44483.535607 353563.848371
946554.465361 -299221.264336
216037.090158 435840.954880
-391918.806609 70168.602190
401444.068456 -41541.754068
824141.532828 -337545.209475
-668269.492917 -503318.487499
-680853.548239 746269.413093
-198503.358482 -667082.649132
140521.256220 898513.622945
466620.409180 315236.777888
348760.306165 636246.164842
948150.281359 633147.710143
-289877.784717 -882319.326513
-875341.569999 350802.343353
406533.739627 415336.770732
856730.204577 -3574.096560
78980.230028 -700787.346948
797265.122048 62397.546821
-424112.759272 -113314.927364
-840090.948391 602809.585754
11801.564011 152174.442833
-362852.987401 943625.027535
108222.121661 378604.061035
454836.494828 -684818.236063
678668.801386 230040.404920
936257.537891 -20579.792577
-107445.962066 31192.672077
-251936.035224 426831.344712
280572.960660 -318987.069299
-208620.174289 697668.294588
542688.959687 -246488.693836
929481.107730 637886.828904
-824271.394750 323432.310246
412661.086572 130569.827752
901810.607909 939784.671714
126972.581627 -61034.902718
-431146.948944 -509773.002588
-210038.167007 533954.292514
336902.866468 926514.768853
-935748.497261 816297.075586
-157499.660205 -749566.164198
-215146.258768 -605115.779721
471029.977049 874660.820895
-633666.160187 575350.054269
-906739.491334 -775282.890969
557408.288548 966127.187191
-890464.496834 314859.954533
522706.602352 179069.992441
338386.535018 193311.368135
-426802.282510 -166503.016544
-44462.358923 599916.901632
60237.215077 -379103.656835
194632.604855 -396473.978821
-695751.917228 -270810.076123
-538393.353894 -301779.774750
-460442.744797 68764.109638
561752.328862 319400.526383
249011.979301 24048.257771
-190298.203903 -175223.457502
578089.900114 206447.416917
990019.721135 -941075.947722
328417.140277 421272.777426
-351513.552580 -7301.663991
-809902.857741 728399.688821
754208.361616 -697142.337035
196432.917762 452609.306259
116741.342684 467844.855958
-424958.589917 952578.555410
-195805.588172 -320188.097635
484927.311517 -516284.744269
424247.553301 472701.362476
-557652.188166 976677.053710
984195.761759 -506891.429512
178196.031758 -399193.550262
671894.800066 851847.045060
420502.080447 775714.333696
914197.358877 -518447.596647
-373495.198238 404877.631234
-953355.336466 989396.878109
-305426.445108 -445984.154318
-380065.842225 787994.605893
-915120.212965 680994.802311
80421.291047 -694722.538397
257756.484345 379148.534888
-347871.956411 -720336.496643
-397199.573358 458922.583935
650657.216444 -242956.029158
-989413.333166 -764992.118199
-357509.064068 934518.035239
-334398.045607 -924509.604441
401876.911446 44102.251051
-778840.502158 -826319.083744
774251.678433 22482.745121
-64644.792803 311424.332226
-494238.480133 -247183.912215
604267.341755 -301391.612333
901255.465517 -278702.268011
132728.159378 -161750.875509
-74022.638435 794646.256120
-239153.874734 854697.325920
-485776.471121 -279979.720139
211730.605815 -446404.574511
205248.422456 273491.024593
286154.178804 842403.393656
-756142.064674 -881222.967229
609994.618306 -205339.993731
245534.707613 -832752.958221
-869959.687230 225637.340150
-178025.747232 129028.891518
-227511.738125 -870605.734252
454189.963922 -181480.941914
-775482.462387 865771.199258
-595118.342207 423940.043203
159281.747371 991557.565328
-132934.089327 -241517.319333
606455.983862 -595359.892123
933859.357507 -180119.115211
-740203.918679 3793.665955
610503.258936 -863605.461214
-213810.030429 -159139.604810
279057.902024 645408.178234
-58737.507672 436900.881163
-482671.367351 -27087.322132
536637.062262 516582.841199
497982.435925 -56586.498964
797674.925439 -916604.142203
-634473.142682 626466.501814
516027.507332 384737.881840
-455813.118642 301549.987874
-568433.564145 185695.892549
-387597.815504 40695.753481
917616.186790 484006.834864
845272.694446 525623.457992
585083.221618 -531556.320994
-816689.038274 268495.692745
-662190.528508 -529475.758459
698106.242682 324291.539276
637497.098419 379775.949316
-577593.007050 57300.807766
-836617.077071 193042.288570
478939.578932 -969460.690333
-956173.245587 101979.147152
-834782.691948 -1962.684475
915929.227745 527731.248230
-867738.688028 814317.520106
6133.906656 567404.419489
170809.952271 -619575.636650
328239.216874 531017.386624
-794621.359840 266924.257955
536054.966034 -517836.724407
445162.959027 -551583.678587
-509819.568015 -236978.435477
-244558.275070 391736.435924
-952674.906144 -797552.900610
593892.533230 716263.545923
-876877.285160 -993025.104951
-149158.146412 -530311.509901
273845.184579 240190.269125
37257.128828 317568.230313
-632941.243613 -785936.685992
-384975.318664 949474.972058
-349798.466978 733272.902122
949424.854846 752551.499808
-20582.820722 11007.096993
-365743.475871 939272.203008
626761.072478 804474.784973
497911.819705 -425231.441096
157833.905985 709411.866437
123936.594584 -150458.282155
346124.961206 468151.684021
-772811.164420 811619.103987
734027.898883 174235.981288
77238.502313 -188228.971995
-269246.172612 -67538.904740
967335.418805 183580.901432
-831035.978108 -393608.138658
158172.320576 -202437.222273
-67796.344423 406695.281426
16311.229479 -98637.277933
144122.454553 762922.525909
-738251.132581 -569375.761576
-35892.384150 934012.349654
-563325.627768 11379.995664
802963.331661 -67445.500817
816229.933756 -772896.645393
-906398.297692 -352014.239777
579287.666057 950389.714392
-70997.411932 -968515.027983
-462196.776437 -260562.391527
823044.526546 841669.883841
742662.636497 587268.352158
29149.911946 -753312.745117
93134.425361 354525.142444
-742881.530534 -454994.491961
-701068.815394 484625.784250
973690.842202 -395128.712270
750761.823573 -350299.121471
-468799.605210 -143749.597196
-258077.516626 332847.023341
-297695.236715 540517.619172
-693048.540965 566860.000527
-829807.287037 822754.193179
-267908.423042 632419.679395
-583039.827555 791520.358053
271041.976985 -717852.022512
-202887.325855 -551365.498954
-829277.445850 -578753.686170
-360378.636112 -903133.772014
-318730.821327 106214.484948
128771.851597 244070.651818
158740.426500 244393.963499
-18360.027346 976133.136194
-816257.097921 335878.433236
251057.175308 744262.179008
-24595.928940 -664632.010136
-11198.482802 9155.472102
-538048.561094 353178.284341
-159587.385573 -785767.825503
-466301.630566 322277.537065
-399818.746597 -481110.654799
-153753.903776 -878061.740075
447463.477540 18890.906789
-951622.429201 558312.001801
-710960.889495 86855.508939
-61143.674142 -560684.253428
-739665.417679 -147474.180477
-476016.030309 867365.778466
224028.871135 -851672.558734
-157269.740891 838852.303558
-545326.059031 -739026.799759
-792845.009065 -331476.347107
692151.687626 437251.861199
-259285.165345 -667071.637096
816573.050657 189807.022296
-104754.207329 124513.243487
358985.022249 505553.456689
666695.766212 26796.004319
774917.532719 -923339.983850
428027.000476 915929.148189
835616.745993 -638327.075623
-195393.649617 -944462.225140
951299.332208 -77148.309910
-483131.217026 -127326.879901
410679.006055 32952.635626
85198.099031 -767284.375522
444059.893463 248942.906744
-454587.604037 996622.621718
433162.463075 885103.398627
-912066.625913 802426.364971
-316056.554673 -966935.466023
562302.965939 721369.772769
147239.336238 -195575.437996
-961804.165693 486405.816243
46170.532040 804841.247094
565574.804820 -114807.756457
132056.036783 -626536.177096
-140071.197206 -783167.516702
503839.185167 -464263.767762
-655668.101282 620326.436965
-10096.879907 -946845.599340
675850.315931 329996.699885
351495.936757 282348.546096
-329506.310589 -341002.548422
544093.314720 647546.830690
-51907.198398 486168.404588
556907.177121 890064.366744
59479.878488 -259887.418897
341311.084636 109391.565482
-509042.475928 -470980.655978
-3156.420797 111289.667027
-526052.999266 971504.523240
588729.869268 98347.123332
-829179.925784 210857.871654
-455553.104577 -25691.118109
-488620.407462 215687.191439
-202966.990961 804811.979276
-670222.838208 -708790.801043
-330653.105988 -788490.433268
551836.365530 856779.625987
-248110.701135 -646155.684380
-710722.110758 78532.578659
719471.561830 -50853.208262
131819.298219 313962.520614
932982.638113 -427183.130675
171731.512772 -63872.177640
466463.887704 337066.269722
795230.617150 7137.967300
390956.363790 199244.181989
-716472.134224 -811824.882533
-888009.263170 -621461.355883
294095.422617 861977.453817
815224.323104 199106.841757
128388.614663 711833.195812
-76735.916198 -800693.820513
-427318.298364 323278.182821
495988.457756 455136.459656
944992.063364 -34379.667436
-797425.364604 -850542.678185
226699.493625 463893.224738
-785817.327855 895423.250825
-951034.799497 897688.394639
546878.623439 556949.365584
48691.398877 739799.409872
-299005.507316 206451.443398
781063.825062 573081.896460
169230.639040 754822.191250
444552.374831 -246884.055322
-754520.945328 -1655.339481
174038.878543 925254.374633
288097.564859 46384.058315
640712.501513 -820733.504388
374479.870423 9613.566245
-372059.704075 -86980.188706
-890532.692201 -800295.498859
762186.517952 -758678.936504
497422.517071 981876.698229
-240964.618346 -185724.507332
567237.080573 691106.908807
764930.472725 90958.522849
492731.769905 -856626.474359
272537.484449 248423.858970
-329530.618156 389944.430399
369088.242785 601217.465604
86551.167881 -765443.241320
223962.554459 965400.808714
633543.661036 194628.643266
416107.174696 -788621.136318
135316.430703 61695.350078
378291.285468 826204.983807
-246763.652420 -650000.894997
212031.803578 -487400.063824
-635990.153850 -782577.167383
720405.319202 -428461.657099
37757.890107 511900.674992
691525.129439 -13143.920022
-562620.027751 -414304.968590
32625.430413 720152.157332
981375.133260 952536.069195
309073.124076 704588.059616
352325.633843 -630323.566121
808130.120131 732938.310080
268342.399014 -770760.444115
5637.578585 -226227.651478
656206.175964 114698.229686
-480338.543811 -75588.291070
-517489.186409 223842.344447
663728.823483 470021.237133
-272083.470653 153544.055890
789779.226863 -797835.723204
-828623.077744 97210.526926
130898.245959 -818310.964904
413304.376793 -234469.232753
706339.612090 244321.142149
835462.495557 -5456.198965
-13162.631608 782392.238474
-191004.039746 -874555.927095
-809642.449144 364139.473820
363185.667190 331966.320624
630632.121791 -205848.187777
914373.219087 306519.083274
744512.451326 -409339.141178
-880484.674494 -617498.289665
-574679.603999 512210.077683
761011.383061 -584403.732986
853064.113689 -852288.772428
881968.750841 715582.424383
-450682.299981 -38040.661337
-620381.580759 -867406.760056
-515181.274731 312497.028185
558771.698230 -139471.279109
-28065.959195 870725.390729
-779653.415842 232864.482828
221943.167570 -597991.419188
-554673.770335 820618.602911
-599492.586890 252998.018800
-914789.533441 -272773.988894
792219.566744 935727.908944
-386055.860468 917344.402738
444535.496735 963724.068215
937763.627347 -694222.893157
320639.720309 -496493.862608
43805.700622 -266821.004272
879936.256337 840529.031059
-561957.088159 -869211.015079
-246287.278053 -587740.119544
372304.434985 890435.794931
-446533.418691 324569.253852
-376431.077202 857112.418801
990222.540550 181136.731194
764803.298246 -98065.847790
760590.661131 -967712.024184
65298.658922 16369.594616
-304078.978195 -591064.468623
-358587.206000 925565.615496
104812.421876 296187.131651
-246975.592454 67148.041978
248359.075926 977275.828151
7701.845960 115156.161913
-767287.236141 366155.443402
341025.613893 498930.389660
-206423.653371 -947778.734494
-871175.658650 658116.999022
304156.395310 776550.428671
538535.000196 453072.457075
-517202.555331 259560.857940
251938.399665 183062.455065
131531.668171 -815124.075161
49559.832710 358744.915658
780148.931224 -864366.919337
-884260.419438 -964070.533323
807511.073615 57857.130314
-524612.817091 -897962.400044
54960.421163 -858860.589477
576094.236825 -711994.410083
781852.730971 -180033.527102
-152588.396738 292796.762635
-820080.311931 -43700.031858
960465.810841 -853123.528577
-80458.017475 303391.636971
-929113.184609 533445.696816
725334.660625 -814953.312978
985955.287979 -510485.210266
-896924.780993 -780045.703291
-951344.945305 -486760.530923
-166022.020201 -419418.721116
-108420.294764 756013.833489
341818.624273 164903.609192
371173.517174 -868132.313277
-900775.026702 590740.643263
-6759.710566 284331.098998
983738.458416 610353.372700
119375.166063 -717440.510818
-490761.538721 -307393.493468
-340559.886880 84394.579763
-77354.035585 151453.122230
-709069.311361 858011.092572
619165.189269 419673.106765
765925.311480 -929280.669707
-843419.008984 669988.885630
273098.799620 662709.388785
-983176.838606 -780214.597626
-482853.803582 304885.142564
-936997.192768 -552933.553062
-308993.241415 937421.939070
-180251.889504 648608.755397
577367.173564 -962628.336470
-723774.211057 141139.914758
750108.317735 -632568.987943
820550.477146 280687.665501
292774.900401 -821052.059109
-135585.340456 -83954.322144
-762286.896320 -3839.473533
401794.152810 -89564.628526
492576.711726 556311.380761
-817571.536288 -824176.126226
-179679.057703 94541.299713
749366.815153 387270.423004
-949088.952514 893168.037078
-978630.074841 -351436.939167
-815351.659336 156671.241550
277746.707325 -823751.895631
42913.720463 -40719.768758
-449317.759095 137129.706535
374295.584949 977008.524741
739545.237561 -196884.329039
616089.454595 -796861.959562
984793.702903 448964.444433
653829.236321 336213.053954
-191149.682556 976126.477532
-889592.746883 -345815.508232
-952523.304074 787500.363279
-595910.115727 -589403.655395
-829798.680736 -80492.894204
-551067.984612 728028.671776
63048.225213 357961.886506
-36692.531263 -728069.793131
850585.867989 -340374.802706
-221592.937524 762898.406403
519422.829589 878151.852396
941818.425980 -207305.567696
378087.324672 -155165.499826
426554.302567 -361015.666798
749804.311121 -770162.922008
125128.822949 -200978.775358
369839.989657 -202539.996230
-936924.754324 929127.120342
-987751.961284 -211416.583927
361875.246456 -132452.333659
822393.216303 752701.139162
-980781.782968 -945396.687077
-312037.620200 -257621.763316
-511483.615676 -649422.573513
-859796.997472 802294.935668
-468031.239389 379547.136091
872828.747357 156872.938597
-534793.078756 -567790.365962
-554269.740515 -211908.002620
920445.837301 -56324.502471
545446.940501 780239.193489
-714979.646304 528609.756426
-312297.642391 939795.587112
25216.612468 639317.909854
-72156.103843 -776255.472323
50772.648420 585493.400857
-216253.004156 -232934.522851
-766302.798325 501983.820955
-197944.466951 -175412.938564
489407.943101 -32161.313303
-293731.541250 517460.796724
-112070.819375 -400420.428120
789594.613052 236563.257791
179323.656146 -141481.782018
-800151.137158 729187.407652
-648204.347332 -175481.414568
551938.416595 594437.214760
-68290.354738 140981.951143
-602027.930577 -680916.182534
-451788.339717 958509.106466
228664.668157 956694.988069
-157071.101635 -266845.512867
-704300.861906 151095.371076
377688.652684 680282.581701
246381.037644 68035.066300
120024.584586 402696.062236
-827644.546659 561518.045476
-17333.347263 459529.400593
600613.605207 776080.270675
-89484.368227 -816688.417763
-282004.304134 -776461.765122
-809410.483465 -414539.502899
677205.208907 -276232.301276
471812.775762 -426027.616749
877851.252730 -754737.699120
458482.345182 -885477.144840
-75899.718124 51617.965574
-890822.651641 133533.264005
-140295.756149 430787.153750
-960696.730612 651532.979009
359169.836722 197848.297477
228091.636295 715339.630788
64949.466797 -905027.300206
-974004.142758 -172936.105493
-749201.943556 -219891.985770
699733.639428 -38820.086695
730654.119577 210608.777083
790116.938128 -847787.994265
541545.915447 -951341.435252
664003.155738 -179709.022649
-134597.582027 426782.057250
-294797.776146 -9983.641690
846651.502549 84621.451982
552201.181786 -566431.884634
498200.489284 -594094.578821
265979.333062 -63297.772683
-436421.724220 -916993.091489
855373.546250 -172224.389302
467291.175708 707656.391608
270400.229696 826910.631557
997052.599541 301121.161132
-30765.737306 398261.405988
-619082.452539 -958316.676848
45470.163480 -215454.365186
837367.782910 -969486.105596
699601.696127 -887739.460720
-60067.013263 -30910.720954
629504.402020 961990.199731
-485586.769709 -14958.395902
878787.472559 -189885.398517
43627.279200 663695.863302
117883.889414 346413.604632
919275.245554 -878499.665818
631132.165840 281675.215142
-789609.806455 -10440.408913
76853.258134 737720.527753
209977.818054 -170798.019803
-789339.801103 -51310.053345
568787.257502 248348.040889
-69023.340774 368970.699470
573646.323279 646295.715992
885759.095386 -881077.486201
-259692.757760 429313.398000
618799.722773 990822.917855
443242.677821 686880.962475
-214724.529694 12463.617082
-340632.988614 -814456.758781
708734.178385 349559.398099
-239877.917564 726758.972698
-982287.229934 -786597.069285
250907.593440 -17526.918511
-600261.942517 284016.827768
-205518.496449 -79618.763046
89634.562871 738498.479307
570858.624705 781435.239656
-86534.654738 306918.196042
977099.223719 225547.736999
764919.161941 -947484.378184
-534279.617667 218371.785100
-92687.409089 2507.313632
-627213.680058 -203846.678331
-710965.768783 648785.250363
-695786.043054 -422125.164373
-695161.275553 -936510.705551
-752139.284634 570248.811871
-637358.194976 792661.908910
756789.963463 56280.019342
582031.888343 187809.904798
662197.953355 -346908.540172
147609.254109 245250.074282
604088.962843 142693.698834
82604.368697 266085.798729
-116387.760703 -584443.593261
874745.767437 -665816.083544
916180.894201 963406.597102
182970.189948 432025.636982
19726.666278 -872298.205670
-486763.280412 901240.738759
-296189.806438 -991891.704251
173663.568819 453753.275011
-305367.837865 -578535.594920
-156360.858210 909303.823875
613314.227292 -734232.879354
-63024.852967 -524319.312501
-802472.037942 304972.293448
-827385.268779 -551729.790452
-605664.703059 -455652.640476
-188531.622252 583817.698795
-535344.222454 734844.729116
492955.530469 196842.424704
142927.814626 217637.673613
926035.641782 621055.992485
-615475.213890 -852667.260362
-41436.350606 -443254.903735
-345398.561823 755624.283290
-505618.441653 -477923.485288
271515.577412 985901.383800
101301.386968 521053.001709
970132.278670 -803133.450745
-96633.293905 -831677.795298
-902222.534024 -721408.074138
-758376.313582 441335.086918
202341.377234 622466.786034
-391714.308794 -182584.067043
625178.327291 -831106.739836
191189.138114 -444085.170694
-709224.944554 856407.060807
122366.256137 -921991.247876
-681018.428405 -687633.031208
-207488.676188 96996.738462
748657.992863 764854.120414
61152.869725 635182.789967
-825135.408902 648332.139305
468326.925705 731354.881615
535719.546480 -657550.049152
-45553.068237 805602.720836
-527658.073918 -758842.045709
-12344.512388 -372070.267021
797417.827047 833175.030380
-702629.049640 546047.934628
-976283.102304 -616595.514123
167382.634676 362605.581141
245391.522003 782945.593087
-398425.766852 -456360.119736
-123253.776194 745228.401206
849599.186234 161731.399070
369534.692963 802156.654487
921144.899017 426266.824633
-235256.162920 -165101.113084
-387003.357258 -531422.347467
260618.884899 -151258.716351
-58332.274258 65140.631507
-334406.936613 -605563.179502
-163757.312792 -757872.514860
816554.216147 -621293.360353
-327478.990974 -612493.433096
-591271.083926 -810730.906258
-516681.416230 824279.260259
414890.618325 333488.455236
149079.692207 138827.719259
500445.547392 -583022.739199
-688894.791051 226204.289565
-924851.489515 910465.570052
-282697.045460 -122524.530583
-213792.011942 696225.358110
755817.976785 -283917.097332
393353.232470 345792.120044
-621258.930881 714230.365425
-193980.801637 299345.756011
22599.998511 566257.458935
731722.018880 -640465.203821
-355634.777025 -746643.934332
402134.121797 -703024.695541
812001.573466 -2183.021668
620301.327849 271595.971766
58301.190686 -129030.634830
-563942.266708 -358238.166373
-433004.575409 -694656.076246
31896.810585 77683.965623
-881554.362548 558622.659504
305886.849349 84801.892274
-380360.511431 -538771.869136
-5556.573102 -138519.486395
-537329.157619 -298948.514508
-738381.799339 -769470.597379
346552.983532 228552.859841
-688755.014169 419877.066426
468450.346605 190375.229426
-511498.900890 -759376.354437
-274954.441448 -993576.702833
-290712.111783 849701.336442
-742619.612271 -89575.833894
154204.077807 -119325.019835
-742310.103034 959229.389708
-364844.430706 -580776.305704
-503753.577006 -976196.518954
959202.951089 893217.336009
-789957.744588 998262.188809
-106818.058098 593244.618256
355589.647076 876419.922578
831209.830737 -244741.086936
221800.586831 -134651.763320
50934.661315 -562361.523268
9702.980271 -492381.578542
864257.379769 -347516.061845
770392.745293 113834.201864
-176702.971163 160645.592389
188644.504015 699843.605173
421188.397542 580403.502273
-793442.631302 -679103.857686
812498.767498 -532299.528651
-596695.676688 -572231.234503
-142394.922119 112239.559511
-152176.723703 -246755.716672
962804.309857 561113.682131
255899.574778 995.612890
437247.893854 2213.887520
-155311.260715 249504.197134
684522.662716 -672629.503916
-546582.277454 -281126.663166
-774455.671362 -993301.093575
676697.442873 -97509.706622
755999.868612 635352.434660
873116.461873 636295.780435
-928786.941171 763210.827365
233642.925760 817444.463242
136036.846916 49267.529997
67650.466746 -916765.685885
140970.006602 670066.428752
-285159.084305 -646415.796156
-638156.331679 895606.981306
675711.880024 93929.448032
873860.051516 899978.534250
-319694.209856 -231518.798988
-710694.059445 -522606.020555
62312.990329 896729.298091
-852392.576791 -383975.342886
-478991.003193 310574.453009
606829.681304 -445501.285992
703151.778631 -279473.125224
-393139.029836 -47190.797948
789116.577572 933629.612864
662792.390527 826671.788961
-957770.533504 -35228.349463
737643.152888 -957197.278344
184292.149290 966061.213329
-883209.136540 -983447.798255
782690.503410 -161966.907364
-479208.277762 -298962.250038
-12575.770317 -876047.097125
-486018.374139 -976122.784334
572375.427495 469655.862370
-635927.830096 -517519.787631
-643016.041338 504753.068948
579706.466850 16150.125045
-645366.812800 -720185.625698
-338690.912287 803026.573487
-283915.302001 839335.760154
21852.778313 373045.867413
659710.162329 272543.632586
659782.084521 -804377.213488
-236268.121080 -762573.385000
-487846.316608 28874.125680
604941.859211 161883.795998
-892048.280659 323775.336237
-601507.045672 799509.640924
-791583.582779 883800.281077
-888243.699667 -10920.641987
122840.642395 929670.579601
149733.046463 -925188.917411
674482.894058 -735687.019233
-255002.341364 535545.283949
-682640.300069 -418290.180187
-342184.015691 -149073.017132
-748006.082514 -662287.854064
341787.249566 -87535.153789
556629.680373 -779296.234525
-522250.437785 474031.833742
-988278.269725 672346.214888
887655.055215 260720.616958
-492338.642264 69890.358799
105687.921454 -572498.034870
80323.503786 -817585.070001
269856.989019 526698.223058
875581.400423 -607817.887056
214203.679277 755046.436552
126345.615726 -387626.589352
971895.726547 -570871.229368
-810877.842130 479844.946134
383816.022885 -963680.259020
-500505.318480 590856.061231
-83978.294344 691737.031955
327138.427722 -523386.884172
228201.160135 -944525.801411
-902003.863218 83296.896175
856573.443417 716326.650923
-520544.518446 -851450.691067
12840.434886 288070.014184
481850.528009 -89283.125590
-396074.648532 -540230.986638
156247.828545 944251.136837
-220121.852173 882142.167438
845452.426986 -784405.224704
-136951.064839 -446742.725377
-811138.598505 71137.456649
387658.864875 294192.937369
171405.436261 -335891.152408
234877.674728 -293869.359928
-639484.187272 24585.715854
828316.039431 -487762.413268
-37720.962672 646284.319473
54646.297753 475155.570159
176662.605910 -381766.224806
-380928.376211 588527.391938
427864.837160 -876704.586348
754527.890678 -108014.198542
7563.846474 -928997.520540
-540957.045622 -328490.162140
474291.283173 374046.629881
-50933.739002 56999.044319
138921.126698 -826152.800803
475412.185604 -320318.225402
422977.056361 683143.190729
-652127.908710 -865778.227480
930358.837114 702526.867243
235220.358599 -521452.551042
-518699.021305 -393680.977397
944596.418093 915234.387232
-529252.244568 -616058.833651
543657.251586 257281.143555
-48635.694437 627907.523390
-914364.900966 -719435.698117
-861189.789273 -770955.518367
-249613.899179 -814188.619532
-10154.476886 -462776.379920
184153.718767 375884.625411
344798.796937 333046.644141
-152644.057797 -153565.963261
601105.880752 -310773.856363
124860.312043 -979594.985608
-572155.300862 233751.931885
-740770.449839 -101314.112728
481184.705805 932319.694932
37178.708253 252344.328768
869009.207662 318650.223077
-458246.228597 868984.940153
-354999.548822 -103546.903428
663183.440289 -833793.711748
635447.994759 896400.741000
522360.773028 733838.541024
99534.648992 -848137.555513
-926665.642593 105902.097759
-789776.416474 -283555.078485
-557685.977076 23707.121731
-316962.498266 -341748.833522
636128.621412 -547936.025133
301441.026984 949400.997535
92243.869669 -997700.823470
-684688.415518 -937365.263631
-603187.305319 -579216.227799
181854.859293 508420.798493
-124573.195029 -51878.504214
582483.950883 -718619.205207
-956628.342131 787707.035761
-481134.262675 -62239.439512
-810063.330291 -376833.156200
73147.027582 90747.904974
428462.673061 119227.336751
756478.924710 -368696.662958
838085.021230 59864.338608
-482743.934864 -752022.778495
-536310.815417 505922.291564
625508.110537 783606.995478
-726000.048861 719011.332227
90727.437777 752023.629691
-977137.706055 569013.396724
905439.907559 -48564.133261
358665.980185 151897.258421
526062.248098 -560487.649962
217021.317050 227569.161587
567423.058932 -264157.045918
-50037.399832 461727.049848
539075.620012 452805.466877
-198125.337869 146920.991685
-485428.879326 -979972.644232
-677032.133469 312761.906359
279923.232779 799742.443028
835236.235872 -540127.703535
-402346.942299 272285.659305
175764.911672 -315561.917383
-105533.671007 56607.636480
148539.161543 676533.403476
700809.624221 -166011.476960
-41691.592089 -20638.602603
985098.833123 743782.606412
175882.272076 -264750.935445
615950.828684 412799.153583
629048.983121 -596758.283851
63617.090917 405276.544718
98992.280136 700544.333903
502060.236610 549589.261029
787293.883846 -698687.788042
-446260.805504 807174.808463
863706.424122 688779.788054
232518.117319 -597267.279029
582430.456543 -316013.412037
-824186.671989 -603198.897299
833103.134211 -741481.787067
-748816.747616 680328.806996
-116124.981951 -58920.891713
487276.247734 249600.494138
388355.389326 -362416.148320
-348801.207307 -29521.585448
759121.610114 921326.973461
-680762.234987 -694875.007273
346408.757867 -908108.114636
774323.288851 -902817.036323
-37575.345145 -209652.883543
604400.116275 993903.241406
-491431.605551 452200.896809
61343.788297 -657232.740994
-196391.631990 -20728.304649
-232618.218528 -511647.908122
39312.088585 752133.454952
188282.964127 -206823.798032
531254.583618 595134.360410
456211.494545 -114571.803140
291918.142165 -619885.946916
-435081.513870 376376.577440
-380408.116454 -846016.663279
235599.460849 -196644.325472
689369.709004 347850.101473
-967404.755708 -697861.132340
890190.798272 -73568.670281
-616574.832759 -782134.923726
753956.983298 371592.839200
897135.911293 -862294.363886
-638783.740545 684660.889437
452664.912148 810744.890551
-447181.916839 -253266.097452
-297862.708067 -670212.227396
-715944.685326 805754.640428
-789949.214451 815991.898715
886559.966872 -711611.213274
719633.111322 -200292.916351
-462229.253179 125541.853343
775610.260211 -922071.581069
-242996.325383 80887.529323
479141.555650 43272.184703
-751066.171562 -2483.630574
-826353.916630 -459636.884981
507482.189589 -92038.882984
-696389.062265 -114958.968314
792244.124218 -16255.637826
-729239.767260 903257.530993
-805722.763835 -110960.101186
-326272.667216 83338.183680
-500652.101369 -5206.635144
440916.054708 -641139.765424
820597.764606 -392494.789191
-331695.808791 150445.113924
784608.396372 -175183.267579
-377029.953289 11718.667407
843554.531440 -175375.697163
724873.329664 -527463.887553
502792.627490 -265820.829320
-655032.230986 -634109.408552
526307.286391 -575709.138281
273084.007106 -817772.742447
-172151.360363 -575741.223133
-669168.839346 -639032.317200
-831326.944770 236716.663405
-975628.248629 913793.900652
-92258.807413 -313444.414036
-407566.212099 -486201.437241
1815.924579 426625.839800
275320.669278 -938010.913984
112198.630865 549896.314567
-515034.565538 680920.168147
939642.922478 823661.988614
15821.832398 -918050.913989
-888262.146887 -849002.339514
-539947.472522 61149.521161
597036.944103 -351277.566801
-786790.009439 -89037.123277
723310.875959 471041.936676
878661.052010 -409019.224718
590273.246507 -260900.051618
825007.554658 187401.325440
745348.841893 207740.264058
782642.276831 785715.723559
190059.089029 -395011.378736
944074.196700 -126990.353595
262253.335649 213775.237512
855267.487190 316676.824053
-550794.962277 -247164.024346
-228946.406495 119622.529965
-520854.517195 868914.214093
664957.053439 655967.453332
-621674.963713 -565711.062354
-424026.416368 950684.912152
-559517.494954 846435.827704
609327.578712 268066.290685
-814451.820735 992501.805092
-858866.696382 -21949.156965
-489590.839988 630390.626223
492464.586092 -601418.408808
-421422.058705 -280223.334979
314551.292381 10802.854795
435217.289807 422681.690014
33568.268542 233091.279415
851891.030168 800897.261466
-763002.136850 -66138.372413
37180.644574 -727039.141833
-132303.289011 39231.487453
-600242.412423 742615.559257
-568354.640720 -72166.295209
513159.871263 -878265.208590
-404656.289093 171141.585593
-633199.938453 -653495.886076
-230967.908374 -941170.146973
98301.389710 -523657.150646
542429.079316 -478865.926029
808307.260901 -77249.806495
-346246.299551 695003.268568
157781.868626 245068.508759
71881.415669 -738736.816580
-530358.891588 968642.926369
943398.201315 554971.344549
834460.933720 -174582.656118
-659252.724650 646011.010316
-930209.888365 302960.988693
223246.621646 877066.800457
255954.217238 -431818.462695
-944212.213750 38838.337549
-671892.007683 -424284.960411
850526.940603 -811569.037433
-779482.624519 -417839.215474
-302744.374136 -373940.404879
-512124.486793 650843.796433
-890581.873022 -638873.350375
-465615.655883 447704.988595
-40199.391595 238582.936222
760488.991642 -265914.408341
55321.987448 -754984.433070
-9196.781922 398698.525993
844788.582967 -971266.183510
-916521.574252 -279112.259607
-712547.911206 -689690.978073
697715.247274 889937.891740
396811.152275 967710.667283
263126.113195 -773840.600155
-495419.027478 -427064.875894
-180282.025425 774768.295301
717006.042605 -463588.598866
-122914.806780 988622.138649
174712.442399 392624.820198
932359.892216 94496.198982
-893523.582320 -654201.107121
790521.566574 347482.060165
696395.898038 365989.398089
935722.708930 -488639.808809
-551106.319048 892626.414311
-279243.328181 734395.131471
940682.524966 -872079.083495
243270.031253 -56126.602298
-112477.877725 593918.507275
34084.850702 94094.936103
-19741.426052 946457.155368
845796.205219 -849691.861907
-310162.626954 945273.328162
870920.732414 679689.348227
-648719.768460 34724.831142
-212296.534023 -589227.717170
462569.456031 -150798.347707
610929.036241 -704649.322382
-514818.945991 -423405.332397
-645164.405240 376073.081532
135793.458821 794087.354931
-529070.309820 639590.747879
-64689.731105 -371811.876022
-847469.042672 801874.553136
-820974.614647 -420504.873251
893545.074946 787689.533667
180942.179307 -389657.678179
584591.645650 -856243.946900
-930198.713809 93768.736847
-802455.993693 -720846.244183
359430.928669 -624348.940620
-788646.574040 -76597.603813
913927.698290 -812088.345393
200989.355612 437845.045455
-345731.174541 7946.554999
-596143.751367 393527.270217
791627.739305 -165716.113745
46045.074681 590919.290256
756855.412064 -644299.024003
375082.132777 -172590.266513
-997788.226573 -832537.534823
837059.257566 146056.276725
-781959.918802 -826563.209840
-302364.032164 281379.203760
608496.949700 263351.626995
-147799.490709 -814088.140225
-442040.624373 -824592.285953
-95786.539235 615810.553646
-661878.684388 778843.170164
-644615.197976 -627479.581734
656837.424965 28495.900421
-839263.138224 266364.147125
-954066.586294 -865321.704403
107364.320553 43243.431524
-798.352227 -998654.847729
-627145.692298 831003.850136
68881.822017 -905029.670654
-354589.501009 -617480.890543
932054.896981 781595.740179
-275510.713477 -240588.224015
-934136.340488 926830.202313
-872147.814773 186852.560457
-778002.355373 -685106.840165
771349.629968 -841254.980637
467250.180565 -309729.345356
-24913.639428 469891.690358
-783564.705430 133497.604481
-647379.003928 102612.541141
94232.123401 526124.896910
-497382.626861 831557.610530
-718740.807709 3309.322623
756027.524046 982898.858748
212168.341628 -369939.991964
405101.172945 68534.951403
-37243.306505 -331061.685102
490377.322192 9954.551341
608926.522035 -289130.428534
116416.716870 111356.104127
-277589.473111 -667363.888916
-696879.312248 868763.897033
-670154.597817 677287.835376
101883.040290 -31216.822816
-267735.082011 794582.549538
366280.577073 -568538.788311
967946.144045 676219.726278
404603.390612 -36197.395902
423112.272049 66575.115490
588147.869237 -264508.934774
-966068.609402 679601.561796
-435972.546603 -54736.876682
-532638.301029 -787720.598254
-11438.520217 762605.551863
-247035.742311 189351.344251
811488.180899 -60789.577800
-816451.660735 9227.736303
760492.674102 -557284.272438
423971.280201 -159585.023777
245865.883942 178180.070728
349872.228207 223994.590658
713760.118230 398782.481428
679909.884290 -968911.789392
-201134.038403 495190.824243
220743.959196 -633480.536019
-476081.861515 -782570.490435
-748858.815997 -772599.422450
722490.758885 -420707.811341
-119270.348080 -662516.339045
-576452.868292 630811.644463
41897.389878 570401.814651
-680993.463338 598918.480329
61423.394482 -811782.759257
868866.548861 495249.577116
871107.995347 -817839.317297
-519995.505333 -350013.381732
112790.554929 788218.313570
380026.782103 980262.913951
-491218.555013 -422076.234944
218521.493597 -174575.869318
-555164.148391 339942.688894
-190723.191112 768967.910177
393394.522025 -246837.332551
772913.501437 -307115.828410
-320599.573983 -278821.868788
286014.957489 -430468.395157
578878.676877 950736.637515
-694820.861590 888427.778241
865995.936505 -107177.632712
-674637.148892 -484617.208985
-505752.005502 -928422.339658
-95829.660243 -969008.094263
-184264.240241 -74195.958817
701018.280642 201791.814464
-222694.602736 -927713.882257
50708.275535 -884883.044748
-391297.156777 12027.445132
-864238.056343 434805.191403
-315956.844679 362578.464910
-459519.687311 36183.461457
646949.785998 -894303.236238
-800180.011560 4589.695959
-362340.025039 -6412.105499
590874.885278 158115.655829
-502395.540311 -812827.650015
-2512.849949 -968319.791985
662181.779167 31944.830767
30151.086915 -607831.666247
870797.960668 -149018.122202
-452214.057065 -897787.772219
155025.445738 -284901.435216
-66520.274487 -832389.539572
-895680.800712 -627965.398421
57436.858881 416252.640554
611708.160787 468374.670455
-653947.984841 -485223.808920
627782.044890 -115623.026577
-130622.194905 -296444.352270
584908.008195 -471061.509669
-991732.708744 -830884.137078
-798568.474696 433457.787231
-956175.644710 122474.727492
-486093.808000 -634804.754677
66608.406602 -310854.436780
-466552.340540 -468640.645448
499179.780187 564101.744278
958943.021891 141758.353158
-372138.447338 -784601.485434
-763782.898009 329771.205417
-812723.483944 -216752.803373
-547426.392950 623055.832857
-777427.216699 107395.736509
-509056.881925 108792.124799
-489058.268849 60478.995757
-88680.816359 -548819.591423
538366.922699 88411.203091
-382448.195757 323836.428266
-660165.834214 842422.583927
807177.104037 -719983.533656
-820484.680603 446463.953734
563187.695840 -731313.150990
-699773.121511 -624646.376811
-551677.660067 -578103.006433
980600.106436 295481.784585
-431674.226271 -334088.630682
-611708.123055 -893083.712900
-480918.289694 -641085.056418
91076.824967 -769483.868173
456347.268308 -423556.582883
-709293.642471 -997808.593577
-769504.970919 520409.792064
-233368.935775 286339.763649
28538.768301 -13212.597642
392555.788011 -483263.836867
738575.740321 -937636.230759
-720276.122215 71849.268877
-513971.924186 610799.632257
888006.211909 -504024.027874
148735.849069 -307610.760598
91461.241349 -630672.935093
-316265.833128 -191127.747954
-209297.816065 263332.041942
493435.259595 442084.467075
812.895263 665974.838376
522018.097302 -68914.561758
-607242.696245 -554406.765495
-517160.603306 -250798.855787
69802.741313 437694.652983
497543.229977 494030.409105
103084.696118 -330750.607287
129416.294428 -150530.180420
-702339.922827 -786263.151119
909959.980503 134820.817401
210403.442230 812767.956084
-903674.484511 173547.612889
-212286.950376 -104021.668165
-175933.004329 32714.039071
39699.174698 -465045.149197
-434848.896013 123802.784799
997707.657729 332275.117674
-474100.330482 -561345.620128
750430.490339 570889.250584
-483992.715306 702827.769246
-651019.164063 -201198.440618
758424.918635 946679.471089
757466.309516 -835753.190453
30312.648114 -908317.896206
-434154.093089 334159.591308
-148273.720223 34390.325717
-538788.599503 -890219.284793
224256.196706 840324.276326
-890066.749265 -709646.283912
406037.711310 -746345.349919
202737.102743 854595.024981
-126328.681347 -930847.039048
661174.464677 662329.443483
-937391.750144 151012.256336
-719818.897038 802235.206732
-601138.839037 -73434.677689
941501.078281 389647.781635
754757.562445 578760.291744
226004.770384 -990370.430275
-402874.989694 632855.322519
822658.885399 -498780.376822
701710.090721 897333.960215
-5345.742820 125535.515700
201222.291684 652667.725789
40287.687804 633683.331071
354068.034702 -735524.567233
-85971.124038 -739757.191000
-187187.614169 462894.426679
64337.815589 430476.788802
-11663.375756 605287.079592
458850.153955 189737.543031
46423.829175 -501037.088782
-277987.027288 256995.621435
750911.739256 -635991.708902
543957.005409 -568319.353775
328131.281659 -655678.583936
-799270.481208 305792.229741
754247.887981 541748.791587
-380102.296782 593146.147136
-93242.182731 355784.910231
-446819.395452 -704175.279850
-361757.469702 -991218.934345
640711.190807 -932667.050964
-747897.391353 -134448.463036
834066.067168 -944293.615256
139979.478006 779206.862175
-928571.586077 589177.878529
152581.291073 601274.389873
788716.729286 -552345.975016
706619.269953 -364393.306526
570494.951843 -618460.021417
548211.395711 270230.371895
-274644.799162 -921404.849500
-851911.958177 -366958.549259
41960.662863 397246.694665
770618.398810 -509581.462723
799404.913760 578420.894792
-944182.355429 546485.670725
-51288.668324 -388642.800169
-885958.617817 606805.217874
440159.435749 -455332.711064
-767875.462455 -837092.089598
-355947.886491 608600.030933
19489.316183 -794925.848343
972278.449869 938009.290361
124608.408252 699249.191571
329350.706524 220144.971759
444007.529705 828948.213611
-888523.492456 144153.228196
198423.090398 -287793.621015
641979.948037 613474.912490
194995.049735 -58098.749360
-142076.121914 -572311.367844
-917302.532140 134285.849617
903162.338069 959824.465627
150865.698287 36164.504669
327341.971951 -970988.468318
950877.267776 -28635.615173
-862182.479091 -361650.172370
-506608.844538 -883494.525698
-741394.504122 498659.983410
420756.856994 -246618.171799
402222.967510 -550088.902455
-456302.926420 -964355.356463
405455.577078 4446.558553
-876900.377953 -791903.356139
466773.672831 552111.007004
400287.104916 601640.873202
168373.089004 -594643.015948
-734665.267542 -478015.586018
-286096.758882 -897849.063731
-703782.450785 134848.767643
-30927.471227 -703207.305905
-108285.863112 -291855.084264
27068.536675 71590.260585
634596.313719 158939.551837
376591.910922 -55664.453001
-287658.792199 338099.606993
946809.062132 127518.357845
-915328.886632 517169.558177
-593580.964131 -543344.784278
-494916.207109 204264.477857
-248135.869629 -839278.714227
-427451.552914 -323821.772505
-434133.924857 -403715.056657
695615.020772 -626173.799380
24621.596527 -149792.730646
-847696.307539 363365.129741
-215469.157702 -147681.795113
-368717.348441 -20920.693381
-529826.624606 568054.565967
-336512.893009 -961583.948979
463641.624313 916366.170137
-348263.236229 -280229.574046
-631819.933253 562236.954424