200
-31141.691246 -246613.034777
903909.906622 -106971.530640
-195991.777741 24661.920555
-927066.821066 113370.184785
-631315.550860 376201.646013
-559514.128167 -366974.389879
-505556.503140 -133966.922218
-682913.429083 496035.331112
18938.323034 736381.742475
-832362.106680 391878.956105
593840.699056 448639.101606
-248425.702229 821869.895262
-600452.249736 533363.847361
-626892.126512 -817947.152270
-701050.014411 812258.920598
-996239.243305 -285902.085813
-72675.423995 22826.357974
-762501.975291 768384.574765
921315.632698 882491.814713
-117732.176590 -972516.175710
-954164.156023 871540.048945
-461127.833773 425486.830068
556583.454548 -560130.528153
700652.397110 831476.222313
-492215.287653 303184.520789
249228.590951 559010.981254
-22740.090739 391033.657442
987194.822431 -540579.923780
-477107.399622 -338580.328472
-869525.664529 -797056.349110
-620569.413672 123333.370904
-257705.241109 -289031.852228
-644354.781575 944741.381717
667739.868224 734631.526858
472752.504006 -652707.980017
-598679.390121 -758892.295915
-998978.095465 -389213.725154
305756.547650 -578592.809856
-190552.721469 -579852.961309
-656926.518577 -363274.738489
58065.173243 832056.817068
-550672.452497 -264139.043911
-886990.448678 -166311.685979
708850.799576 833694.780926
-481488.121369 739258.399496
-930661.540366 953340.094797
-104980.587579 -643756.712722
-400492.888257 397601.324837
989556.551858 441460.599005
-96913.049287 -380411.024819
-29043.736157 -622431.059387
-901845.156637 -951848.690465
-10629.545802 940547.824755
152932.425333 808008.563343
913381.695828 859406.230522
-591864.542259 -493319.128734
-895103.818234 989395.069961
-733915.610449 163715.668371
-701089.485806 -504161.941114
-859393.111626 -164657.529078
73095.308882 978455.095122
-77994.821239 13654.241824
-5562.654744 953552.965979
503314.321087 495268.945606
-404439.163209 109649.059680
-307178.830155 -442654.473759
190042.860493 152195.048049
-916815.994723 217108.966858
142660.859205 -519723.366068
399303.700918 -301574.029947
745807.458692 -95400.104440
-675222.272819 101705.036473
422187.822510 -447276.475194
-412644.449986 26152.505340
-78844.132256 -463651.729661
-953160.713712 107529.830749
-511611.291445 -26790.902185
992930.349930 442417.199880
-779295.597250 -956798.403150
323984.310729 54752.152405
442729.851991 -956812.565977
670434.811141 936147.011366
-89035.545067 394919.459547
491086.357089 -466184.072185
529236.608365 -345455.448950
835178.966232 535134.193779
324717.170588 -544894.375199
656023.562102 226136.316815
-468264.569509 21149.719398
375816.694112 -497588.289084
408859.793098 136870.240436
854337.163777 -474335.611249
222800.063518 530491.855152
-989697.368633 -949143.703835
-737988.197847 848413.180164
-978997.275579 -775307.190684
200552.590050 293789.417438
-902890.875589 -104335.342237
597697.900879 277470.139437
795528.541169 627517.601495
-64306.435854 -780083.719929
-886304.284041 389608.296991
506696.581404 629084.737506
792458.524178 657392.235298
-47206.810912 -721887.932824
946649.226622 161212.993845
428543.295085 687098.731792
251266.420823 163044.902515
159888.893835 845238.429121
-468532.982978 -504989.244586
57605.024443 -394844.303406
-954728.648179 580658.796178
-376626.372037 -349293.270310
-191967.848756 303922.313037
713026.626664 673068.411053
47260.175866 -361774.919922
292097.437075 -278450.808917
822043.433786 750871.737953
-672929.494666 -479332.317232
-929381.517277 -405842.773957
126334.627322 -800808.007503
-281876.844588 -284805.512874
-538462.583486 -170432.557615
-204633.186621 -130696.921942
774368.503674 -437583.495256
-254138.235367 -289915.976693
49089.792959 65773.566049
-435582.810907 816287.078116
123650.118306 712306.198210
182918.492322 637915.996726
-159953.075198 -285020.141259
-135704.429224 322839.167404
-188843.577982 -808369.675629
-148734.551262 -912884.116785
-469930.138403 -487290.135237
-920697.681258 -499541.748745
479458.085695 -899642.480970
-157712.256222 -923076.288018
324413.489139 203748.280455
-846221.655385 647646.989081
331665.615775 -686190.053148
269922.525456 644956.670860
485470.486932 -569496.307796
366905.726317 -135120.161488
-122638.300004 5002.407688
-646993.668976 21638.914280
607448.924999 -451853.955020
202554.481120 -620832.458793
897089.328349 -887158.442133
40679.329623 -100718.505337
739650.525633 986467.439637
-951472.723047 -882904.299949
-775940.399242 21960.393171
-811830.633816 -1868.749878
-295464.696387 -629558.076594
493092.486959 153795.961148
-968079.052255 720740.627480
-608726.998553 637871.086545
38109.398739 -839843.688747
387846.262909 -530122.376046
-887890.454520 870180.097523
-199844.234331 -226763.267126
198002.246946 -587856.576428
-440644.999960 924797.897249
-234249.394607 429880.651986
-571409.490083 882069.931590
-146379.787967 -645633.532668
817691.483254 192023.364266
675994.074645 451981.775260
843676.213764 157738.870097
331345.280301 78100.375505
-318464.647359 840910.484436
773423.521203 841898.175532
375519.448127 -162316.753604
253877.039385 745236.177135
837916.989214 445282.352026
283044.330329 -300707.037300
-501223.383067 80050.688625
-211622.138336 -798548.918018
-362786.251409 -842230.233913
-8914.415280 -580198.676012
-393945.449072 559941.231750
-751828.053983 528347.518094
-286912.076980 839602.101241
-292544.623183 -818139.159402
-334585.643465 -409885.158865
708103.839335 -847592.232132
-779050.866690 -688804.350679
760656.798958 561710.597417
47192.007949 491191.148013
-201464.326225 -727083.450155
809800.777116 355335.571056
-529510.148899 844872.114620
987109.465773 4793.780740
-675738.014958 -185886.680000
753062.637355 -89644.435014
119063.641759 310136.165503
885701.620781 -778052.022198
-897676.497527 108595.278661
-781963.680790 414883.884675