2000
151020.165079 486390.094163
124681.386061 70683.651355
106895.099711 647854.527744
53964.102329 796701.120208
978731.541273 -249341.613930
678864.311164 284505.384605
476916.744854 -681696.606920
342504.082607 335846.462826
-455628.331257 -352539.124377
-533698.993859 -745073.488152
-28046.750091 380670.767686
-822971.617361 -225939.805600
-62459.217625 512999.738322
-156225.482321 32667.675547
480753.978393 670451.384469
-456818.537907 55449.984324
284458.733132 309170.369885
64581.524348 641721.485143
-732183.656641 131645.127976
69199.854761 -888708.332332
-342063.707466 691188.456904
208139.917739 72198.342421
305941.511588 -105820.092952
911418.946418 -234441.780367
263645.459824 -13875.307065
-790882.165303 687524.733126
-278039.784470 987822.169530
649734.125661 -789045.044825
-70286.334338 -502175.014725
-256175.496099 -139548.288024
-938256.927818 -132341.855398
-68271.607471 -107529.779482
-589768.840011 -656196.494820
-145774.969989 302795.149004
-845579.422710 -525753.369840
305736.191870 -152860.172118
-917232.809744 997156.524412
585600.197134 -375771.408258
286533.148723 -117899.511346
379881.714333 424740.901373
-370177.426972 675464.437074
-293668.303163 917147.034291
-160130.317743 -347708.033762
152407.805889 338853.221051
-84636.615621 41667.307844
-215703.349457 728699.978852
-102817.822294 174835.020620
104355.910727 -470057.166246
-512095.703753 532801.562529
-608384.661022 90208.408980
992089.075384 947243.090248
-212605.145720 -429199.497238
7335.585742 -19500.325904
855096.355091 -97378.757333
-71360.371864 -629209.956028
270525.450859 -780854.089323
-885484.531506 156644.708158
726017.302175 425438.402767
267519.422475 875997.279227
-89564.287483 -699688.759773
177847.568157 -568333.022341
-916230.519085 113056.826873
696877.090214 -327729.700805
-70738.082934 -912474.591478
-219629.259645 -644049.818305
-180319.511770 48906.031203
492476.300921 195412.546660
-288097.741935 -107521.131518
-445072.309911 -415264.010532
497296.499525 473910.162075
484367.310018 -359111.708247
-955895.205660 -537707.704578
-192067.062587 452316.498048
-301512.353210 729330.120460
245324.875534 -464785.808007
-69427.329136 -487.971654
380640.678420 587909.225404
-108666.887568 -259053.491519
-650410.890117 -814592.743455
-896585.652399 -142197.021008
929403.206356 -63402.432159
-827662.327226 -771147.611877
281341.949181 -752709.465169
366032.620420 729198.556550
772982.971268 -502470.254867
277549.146532 652373.149675
-961450.229482 -208444.190917
78920.345421 -760676.635510
-555147.248988 -127952.268530
406895.134113 -469971.514896
-904241.566068 -22912.932068
104397.770062 82758.541082
312214.285359 -151417.909193
-791377.348954 -30158.748816
337224.436684 981162.349341
607666.160405 161926.184691
-317796.455567 -173242.172019
630157.930923 408044.588987
958768.991910 -768013.399838
-675936.983477 666891.784960
-715719.736860 -555121.710705
290520.602594 -811272.496392
809758.509166 565331.272616
-486678.259162 673724.025330
930931.419718 157131.840506
596220.895084 -93790.967299
121240.899123 240099.045221
117621.569143 958168.248707
458632.662075 108805.609854
955186.081216 852000.857357
-243793.853069 -432590.539198
113289.750108 17586.533332
373733.910814 242696.928349
368118.673420 -25461.602303
825776.435791 683790.465802
-159396.807032 38793.616848
-880266.695993 -516666.957666
-723354.322925 532710.517390
996080.897956 823496.775905
-437394.769787 -10862.857134
644087.289395 502903.324268
-127535.226279 190194.658629
-734851.637838 -170277.875280
382537.122070 -833730.027507
103199.519724 -77874.676828
-199387.165457 49343.248955
577119.627931 -205999.573525
-525725.706671 -884630.359882
-919882.722024 947039.840502
69099.302991 -87905.401949
-700414.931172 -634594.563268
329057.844835 -797939.631134
944092.582081 877347.008593
357623.015831 -39951.764598
-153040.711488 -31035.562464
-154668.215320 -609897.581998
531886.243995 454561.069452
-841258.903579 105417.761023
460445.198930 -84896.979200
-82122.390447 -783443.424941
-37254.313013 664238.860389
-716386.666101 888241.053534
-683777.096197 -184985.949097
613747.014333 162192.868185
143223.948868 865795.590238
-782090.090786 -825890.567622
604756.479908 800658.866318
-747506.846430 302426.905021
469190.652404 100014.111459
-80376.321955 393936.227161
51900.209388 996567.677036
-372786.244946 -59389.628809
908374.753231 639521.209508
967302.529428 592289.419712
-452963.957541 -594135.107333
-718787.351591 835734.601092
-489043.585603 -461351.410091
-414551.660904 -828161.452070
549942.874778 672998.195277
152157.190465 -623066.077582
422863.503360 877382.865472
933281.825024 -229344.034920
140060.905588 480502.917228
-269091.738494 435113.511742
-753750.810651 -206711.815907
-438553.752544 -67715.327248
-203892.389841 -549327.094936
-900936.528199 909633.578207
420632.672583 -514452.338568
383633.430041 -829314.802869
-198697.386009 -247920.733833
117215.523343 916888.738139
246701.454568 837969.185369
-71517.465601 -333818.963848
-862778.855438 398114.910467
128890.085129 498182.443256
-239250.586502 -523474.482489
328969.709129 -657925.191175
-487015.156735 -868807.992416
-921141.777669 -182636.631370
335450.120705 -268791.526589
598981.674539 566372.716152
95692.046839 667608.157925
-783113.894485 -105010.572611
585441.741751 592974.293533
-169683.118065 -895641.404224
771507.626271 408391.799650
173898.638010 501615.734947
-34452.395625 790185.777963
29155.519823 732446.606618
714693.670164 540373.984321
-615575.507846 503591.109460
70238.942035 -801002.664547
457104.007739 208646.112407
-135256.932490 -510385.801372
-445398.070874 925496.949000
-944454.260549 511983.440150
801777.631235 -394913.097511
367444.042916 927790.661090
647835.145842 -584132.655441
879942.677416 110793.899471
69256.296683 -911357.866907
-247323.777693 733537.605890
132941.287678 926726.991771
-98345.498599 620190.451466
-668836.215130 -10946.844149
-644324.189531 160486.884028
-76021.955084 -186085.094814
20183.709450 -938065.069414
595261.642047 35854.413445
-210944.540647 -859865.886293
837134.985454 -323674.279871
785024.726578 96003.590748
-185395.240352 -235028.380616
703007.892073 -730048.512475
-201468.798071 127725.084206
-133109.904268 -623837.755493
230754.795809 -419272.206744
198960.377529 214653.082524
379887.508863 987304.409522
-1327.468855 -365620.180294
939196.309833 -217026.280949
-998829.219338 -297419.490350
701681.256385 -344160.121122
610732.618770 -677318.643243
125085.941877 368214.866549
774023.976353 483531.461879
615164.891158 974361.553724
-501160.131928 -216463.648581
-62555.748572 -934555.266210
-781526.948876 698264.549450
22828.162161 657539.024624
-106347.288336 43531.212822
-393592.184002 34547.638500
489815.346202 -956917.703741
500139.351196 516657.836410
591908.404512 -682101.695498
-194411.392852 796539.226873
150632.397908 164344.046010
-322943.135255 924775.889142
706903.571777 -209418.705588
-312368.892781 -55423.671545
250419.491734 81228.339955
240007.807328 -700185.251664
120940.975504 925058.453761
-249647.832384 -226783.763053
818557.242125 -625849.569352
813707.633896 579431.785187
-472885.279490 907885.906663
-722740.989002 380440.331976
-372795.399718 -807372.577190
966754.126706 -375824.767216
188078.444716 -205358.100820
-667838.373105 -134818.284260
-931916.165585 442445.247123
-968316.387288 796024.167243
-94185.216251 -868159.406856
442625.011981 -663237.687795
-681243.006658 -499566.015001
443365.529191 -553629.456158
360133.931019 -701281.859516
-422923.145840 -634902.654818
483342.135995 398926.288318
-630696.980707 927784.542163
226791.207227 -438209.730963
206142.724074 586913.845115
-509635.821241 39976.225024
-728204.823027 -382722.399352
-391813.725168 93215.593332
136494.002595 481361.544733
812982.742595 -871216.470458
-895423.422485 -690902.655443
-977497.301927 389366.049929
-38165.144466 -189115.840008
-371084.934170 275108.945769
309522.707163 420029.805432
-386382.016503 473403.997546
-741000.932448 6778.744399
264964.342186 144356.656173
-850249.259984 -696779.571827
349962.377162 461313.531765
-666194.858503 -614774.792480
62024.738659 -661756.606814
-899912.684733 497421.883220
-85889.393093 752805.034578
896084.166979 44902.942458
-742638.982845 492371.345201
-499385.386810 -69709.174329
-559943.184882 228151.517412
787782.253412 806340.127092
-827523.926318 -94775.554740
-615812.699424 -725052.027257
-146963.001068 657275.105014
-418411.028222 -596081.810175
-666241.568067 -412332.458233
202094.547793 -640710.116263
-955276.085432 519965.867318
-692998.200204 656037.381139
132772.062250 252824.041392
-830834.592674 -844601.476449
-164792.913321 315184.311344
-109664.273183 -120771.488948
-43848.399891 968170.867318
-623086.048578 -379687.662507
-999306.560209 420687.908925
330661.564705 -97194.094192
503865.242968 -769415.224151
609080.329579 -776808.071050
243245.674548 793576.574071
498903.458405 898564.257935
490735.756264 898039.042159
558194.290207 190100.593337
966859.732660 -500763.568613
982444.578680 -251920.553014
741976.615947 -351542.992310
873375.745676 -383552.802561
706704.016165 -654978.580092
556106.136598 -726876.309192
-220170.373058 -743680.624364
-574644.694642 -31190.772785
-211852.030298 93070.167154
685901.217862 964506.543558
-571500.515193 432437.772832
602766.823621 -33241.270330
276608.487584 348142.970669
149340.537339 166503.350125
279808.436996 -713767.034713
-691297.381242 80632.099369
32658.139243 -593515.818489
531700.957709 142665.716164
458808.165939 329364.898441
875471.562722 -209408.462899
522679.410737 712338.563959
-287809.071233 -116460.098814
-792159.988878 786983.146531
-35068.149083 78161.736224
-137214.988543 -728917.413521
686549.808123 -11349.070939
-101692.672901 939803.565937
372551.237347 367966.883805
454607.422023 -325964.149612
-472854.212801 -241505.991518
25201.947741 -594171.805432
-286199.827131 -664213.118766
-977278.602024 -842851.821279
125807.649396 -131485.720005
787145.640644 703697.519351
-144492.071753 720913.749033
-967336.485244 -386104.204703
-266798.236044 -539998.015691
-774099.234656 622778.156525
-853389.798107 -255187.390237
-135567.632302 164893.542331
986137.156867 -69301.340716
462708.281480 -53769.896719
-46593.494548 68380.486073
264151.650504 -183929.859210
-850557.362094 78917.966507
-78413.981188 -122560.844171
805264.207227 -460893.673487
-297880.891897 823119.869010
-172476.089178 -319410.838498
-803423.129165 -926075.392160
179241.544270 874542.579486
16746.993310 -588151.371679
-871448.599822 -266353.017494
-40964.313441 320092.096755
909039.056287 -122235.733109
-399578.145839 -811444.725250
447432.500999 -60934.818041
-188099.267677 -316911.720205
63910.417889 -8361.188989
5255.332611 702939.547350
555270.342414 123233.215115
-651268.388646 809409.921057
-95829.553428 -134731.535916
711171.811903 -20747.713167
872306.654202 507166.938933
878949.850609 -341916.467675
-985885.227610 -202357.959076
-89837.294684 -867434.976219
-157180.056360 -871801.037812
-354923.925273 108920.051746
971461.567302 -935405.140811
-528904.966716 47719.406036
405593.165885 733404.852515
307759.234154 -614309.240267
-64206.628177 -772790.585167
-284048.988042 -762818.253677
-761669.788982 887501.226053
352586.092638 471915.216068
815514.319711 -851409.607566
30311.935141 -432585.514831
102418.249808 -467866.300017
238928.161175 605072.282235
-186221.067037 -298197.749485
-699632.145875 74672.451389
501920.804156 -480800.856119
400449.083224 -15477.762382
-825738.941278 -857078.438619
-667643.026857 -447803.856399
-744475.293374 -362060.971803
594095.858141 264563.951612
765946.522227 310178.254165
-237011.399059 856106.560266
941528.429020 -874256.129345
950233.713947 494280.657723
798363.596977 -774572.545958
832046.524079 -857168.462060
134356.358999 -227211.980556
-58189.739162 -219212.657222
-310933.050413 713911.980983
677732.070841 -931185.479216
-561297.440588 853452.650672
-488506.894200 105296.404332
-253624.063409 -980131.908815
868908.571292 -839579.588516
-830574.767551 -86334.595610
107290.250158 -167043.786644
-937324.778060 441515.887245
-121750.413513 -539747.489616
-381091.589357 -53057.658585
-159921.082164 728256.657273
-734886.743713 -775815.277903
8656.438697 -458614.385782
-307821.127766 418582.834541
-353870.451707 757817.512495
-45960.953772 -775362.126655
533002.289843 -450539.202730
269539.625318 510064.636929
376949.507708 -665018.234785
-633120.130591 951557.157422
-879617.489577 -133729.554459
608042.162251 679788.220873
46218.949319 854944.571578
540409.726703 -878985.606834
-526580.342295 940556.954128
-687272.566392 -125177.681820
-579992.664746 601199.528948
585779.953561 909504.162513
708925.698122 920850.719365
381223.112037 -872616.449969
277150.396243 938855.717990
194157.782534 -255862.653453
785652.908926 -93079.135076
-628104.270321 -388926.962652
-864760.770570 624839.917301
-529800.203997 532155.565716
372100.196381 560998.838816
773510.347515 -402306.459562
309586.770962 362832.133951
-207490.819851 627884.890300
-613937.016327 -345422.101217
-152793.393635 -597766.387494
738629.461755 -373365.463911
80217.127667 621528.169138
669947.281517 392308.868911
734628.135337 -86225.248139
846941.536838 873701.206682
-280035.883559 150508.911062
-932860.665037 -105928.918655
-279608.451888 918899.502472
456954.259275 -528631.579397
-759756.184268 545644.021834
48703.995695 505056.026660
253510.928645 610403.700699
67704.513219 -706458.349484
-401117.353175 -164637.562033
-887106.142740 958018.211873
487144.301216 -191833.939828
897634.070187 -510234.434955
-639745.739952 614603.249382
-729756.889746 -164242.142090
-676030.545398 613106.382980
327144.934628 -288075.152298
-310938.914492 -717182.599823
-16756.532850 916820.686965
45130.742037 227706.653743
-939008.922152 487779.651318
-402058.134641 161250.924944
701030.971081 -158812.010004
317794.347860 -815480.272638
-377015.605050 620373.389960
-899556.506372 154172.733458
136192.096449 968645.089458
931225.685055 145148.663181
283512.534502 404461.030948
-738385.864578 -549381.573610
926477.892585 523729.097283
758371.312684 629977.213891
956520.747270 25746.264989
-361249.647197 394461.483654
-952121.997603 -256469.507290
266324.515549 -129920.107879
-394393.800944 145348.713037
-355656.492146 547383.791723
958154.304702 693775.866624
626323.925572 -943833.813221
478776.962640 -768926.013143
904779.511579 974185.007560
532703.827435 -20831.281520
-983521.525394 393490.982312
428776.985633 -192021.515380
361612.438926 -534233.582450
768036.476890 -875756.064232
237717.497882 70458.673458
-129753.239404 465682.832510
-864524.418807 27946.987537
-507687.883681 -930170.844863
706289.035805 -731810.583952
935462.489313 -49400.884409
-957513.440981 943073.396031
643033.548753 665171.384681
757895.207411 -186404.142510
127457.403991 63245.162759
75088.398373 502798.737840
979049.135547 -162372.747212
-153239.494172 845110.397296
-181295.893602 299300.941322
-411854.380931 341438.597720
-573538.103686 324327.756308
951005.554464 473565.322016
808535.488648 805921.015139
-545850.460913 789358.429611
591128.368405 -398971.227648
275404.725241 -689124.874406
-710330.335798 -357775.851221
-58052.286775 581886.739348
541027.418959 -942321.531150
9043.755979 -452925.264557
-573810.717406 24463.706333
-599363.916653 764107.541791
-609900.978012 -807923.130032
458598.274536 -987232.771219
-99275.163973 -667140.163060
-679314.746646 258569.153549
655207.242618 -963264.116585
-764618.924533 -148993.858606
-816085.244269 882239.710111
-868195.541460 506924.421357
768307.255973 81092.038032
-871567.375701 -738828.246019
432311.659954 -457241.815272
-139224.383975 -526798.941409
602240.472720 -461373.160163
-363430.298294 -328019.556088
-570429.040569 -568219.580004
196451.806107 -671743.508058
486048.233781 713700.845286
-651407.172951 -778413.791585
-353870.300146 915701.802693
-265843.158146 -461292.285263
109667.680245 -315718.027373
-506815.695437 -985166.213184
-921481.560180 -495987.106662
55243.445202 371568.776779
-74181.469053 -733263.020248
-235455.940034 -847424.909009
-73651.786160 -172026.145337
-558790.885785 -466915.825619
35829.775806 -281966.064813
379520.520491 -648576.312205
603043.564439 40309.614343
-935597.359995 416701.846060
-807808.721490 865201.774466
912817.719335 -541184.633200
-884237.348348 -97824.507330
-336692.294760 -79549.235945
-450698.756171 940519.284443
-999044.002782 227702.950450
823977.340254 -702492.875710
202140.412015 -598245.728150
557507.855756 467708.423666
-237359.258231 -392754.413210
879443.612610 987541.022988
486558.363488 562384.731937
-853716.273782 -812888.679362
779202.437926 -615436.370053
64947.689730 -651191.571914
-690827.485729 -92762.590301
275740.847901 -847844.656489
-317758.106273 512664.681027
482711.832056 309795.107635
548747.983134 -397721.487515
641168.677465 175391.682852
237821.305237 -725429.733143
231184.751504 -599736.797122
-729752.648405 -926030.612684
61020.773076 537297.318217
-267468.423779 956441.256601
126310.400219 288608.266708
-457966.460167 532307.898344
-19703.391729 150651.970937
641650.732676 101735.305436
595525.830143 -624371.285702
568870.116951 -631234.206289
265846.794370 -457766.346330
-619547.166096 -62265.144826
-179418.770837 90054.179111
854847.684408 -641549.994191
-697889.590512 94636.804742
366831.306610 -393008.843673
-869032.633002 181227.157126
891995.062926 962444.452743
116056.091878 -654663.717519
-960299.335429 -577998.847573
110416.588559 829477.386586
590364.142901 -712603.563952
707402.279441 364836.768217
916113.735635 705277.325321
-94516.429223 537775.141616
-42693.423360 -887482.240583
584210.096075 -874691.049874
-809105.453423 -269109.884361
-809017.332675 -812189.491503
-779535.505687 -641384.085796
862066.000261 902532.622427
274290.262510 118765.800894
640561.101804 447660.423359
-858914.499411 -298482.430600
-211352.542778 977174.937890
-442001.135515 -503926.153267
594285.655776 969004.645387
296922.108247 746535.663986
962050.082787 177069.591359
-412795.984507 115609.246596
269759.834686 22781.087043
-865438.892199 -856292.365386
40923.482159 576858.846992
-620225.075202 -171824.794920
-129709.670348 -599984.118396
-125606.011854 -519095.807038
724664.582534 -375514.821496
461919.583433 917661.906899
-524082.792228 664328.601764
456384.975029 287245.701672
149348.390941 -223998.229435
614891.587747 -888859.596244
-330002.884093 707517.029210
102864.506099 835711.893967
-694557.844855 -145336.955299
-596827.155073 173591.085501
448361.661986 127952.515364
-787254.525143 -53541.911306
856914.654090 -761283.269134
868086.125921 795947.809190
194639.341982 258928.027167
318424.359951 852924.560000
544775.843932 -706822.859992
-464934.196088 165014.256624
198959.179300 -286588.587590
156763.633913 173676.097280
-369063.538582 379917.016577
493590.205261 -68500.644790
880611.233999 -742369.972669
-661326.889807 160906.939983
-383068.098487 25227.391473
-157399.022868 945096.746176
-877821.152462 19458.626013
747136.908105 -834927.014081
984545.041366 -306385.587971
-1741.922419 -186645.910997
337897.714799 -1045.051473
179519.238329 -859905.249638
-277161.632136 -547484.289363
-631411.960101 481062.094981
-983112.200543 670223.573644
108567.321693 393049.219984
-681236.960548 729590.482897
-591318.426763 819084.646163
99760.368805 -340495.064412
71940.736479 973896.535082
-895973.093062 -912767.891938
-23533.706996 277974.326404
503476.410267 451761.210535
-787135.509200 928386.528254
-202534.783656 -669009.511724
-261474.115052 -97308.628848
-257527.245172 590934.730257
779226.652431 -842990.819339
-992499.836426 -539276.795382
-751894.438826 198517.021083
-831777.197189 28974.070521
-670635.525057 -362730.033639
147605.636499 -889302.777718
-228040.220215 -744897.294543
190514.529161 501355.999068
-82226.234288 380005.365185
-684046.285530 -371693.662625
124457.828655 856244.610722
-431787.429676 -224815.080512
-706740.843089 -278678.630578
-660285.634315 693614.885123
429808.442190 462747.772169
-422712.022569 -770766.750414
350372.784226 -737181.529247
-177826.191991 -594756.965264
790985.286108 -853401.716668
-324632.017354 -824015.779220
544013.862814 556494.016316
370039.386458 -843780.879308
928177.664454 -278695.172267
-797139.477530 -461858.271370
327486.027955 -369211.973888
676322.981508 -399397.184328
924395.185093 -788797.466336
-607752.353479 335003.260396
-774924.870481 418621.066707
952412.203605 230372.385126
-1918.052012 -77163.319445
-555822.565204 -38220.593826
553585.653290 -182148.257796
640534.519720 -74209.496545
942041.009584 722626.286020
-790437.163577 -838752.312534
950693.122815 -5664.450736
905004.372010 272265.477370
349913.833457 -358061.227731
-875932.707437 -840743.949954
81892.864752 -720347.227696
-252590.903912 981628.777250
722393.153680 822538.562677
283753.825997 672767.414774
-278812.127184 924443.598861
763897.012792 -260596.683978
-373406.902568 164085.294645
-193117.705687 563149.506526
-894436.923023 -909800.575938
388985.804991 -285502.700873
105822.659290 757473.757533
-635729.249686 770882.409971
-302125.553252 414478.792759
-619219.335832 82724.823755
499901.061730 -394824.869829
856733.351144 -385150.687376
-184380.341800 -694218.395312
-263218.863827 -567191.051278
-983312.745541 518772.593829
638411.300209 -480455.084412
320757.443296 348860.806938
-330262.824834 108301.509878
316062.077945 -356032.975229
977378.374911 891812.173015
-400087.293275 -947547.502490
830890.089410 -548503.200383
464776.852101 301475.796972
-111725.467861 -385746.574278
-527139.898697 -254049.735719
835045.703800 338720.588723
-652299.540843 -372507.848269
157382.943631 -989868.218781
-873031.730593 697234.340207
-973324.110655 -464613.051317
-812746.688628 -758754.181147
-771311.252713 960090.415953
749077.849324 -245999.748328
591649.641143 810558.867612
336033.947273 336441.971201
889415.489320 -622131.486812
78070.708070 520775.194321
330760.450104 -241908.779399
466382.370263 -190675.559291
-639005.912406 -239364.109008
-768787.783622 91374.389328
314913.807805 850996.687136
-658777.133505 251750.803994
-49957.765212 -737540.252290
6218.158441 -959243.382894
-198502.805624 -443463.291404
-779370.488983 -436354.619317
566645.291284 147573.726491
-930795.592489 -301443.633325
827861.719090 -789732.059030
970231.547186 -989059.232421
-702105.317763 283150.795359
-986369.487241 56912.931411
-462195.454046 500977.758079
-901491.038103 -618192.676089
-257969.287463 940662.285555
487785.601009 -56789.101380
-863947.905838 -551276.847025
-350505.952580 342262.209867
-564444.348982 504980.888844
-827001.361846 18257.458526
290499.494752 891027.887775
-814543.425458 -20556.545881
764193.655658 -8614.670758
-919193.367113 -789775.507194
-965125.541400 49800.776650
-462412.172088 650882.499060
505121.789146 281212.970647
997841.027450 -45548.403240
-556783.738396 876977.133393
-335692.497014 -121616.641852
-669503.197847 712696.672515
469937.396536 296746.912313
-196164.012679 598375.096481
-745612.730287 52001.337287
-496790.671484 591249.001564
-905414.693188 -96537.183906
747629.553129 265682.472001
-354727.224288 24500.716227
68007.790536 945419.537446
404167.117596 -562874.200479
787680.715886 848915.159266
-121645.100334 901996.478149
-99833.264825 -884246.216514
-293179.236758 -460253.698990
185130.008370 667357.690457
-15384.140547 574524.494726
660051.200485 -348011.420564
-917685.853776 394990.901878
-472911.600541 521724.271817
-728724.804674 42723.988217
225388.820367 863881.579825
244609.576669 -832419.301676
395682.387614 -411799.687323
563769.386872 920410.028353
946227.950417 485947.190354
-700855.402843 766085.977166
830254.120755 899959.798419
101990.599630 -915414.224450
907487.738839 34281.367989
-414508.526466 143840.161134
-689083.338409 -528023.353033
560272.183340 -993429.903842
-1109.189607 -265285.461181
471443.561404 590976.754168
706129.474213 246917.141942
278132.653218 -588427.297140
298233.316380 -632153.096059
-850393.628589 849410.966543
-706264.769635 -433452.485462
387173.142820 309971.897539
139605.171969 -766338.784614
226360.575118 -686669.907494
-221197.166197 -48777.771686
169336.691276 -668966.824006
-672636.846005 476081.072616
226477.155383 -630421.147437
290672.561648 237944.621644
-328459.636580 798337.978945
-370467.927954 445458.665257
-877817.893213 -795254.308199
-915863.961613 -36863.226698
247090.084640 -854033.002369
434176.976432 872.169741
-290013.926630 -529499.077451
336288.166999 828141.329064
100824.547859 847708.830984
46634.702685 -723962.495078
512995.815853 324726.890235
325504.483260 191020.630569
-979801.130203 -605557.046263
-572.607831 -482793.316580
995402.517465 594207.869224
458134.302645 -651540.910646
464857.144042 556500.509502
652180.120122 449973.029876
-201154.458676 410772.423538
200825.523005 -389816.430183
840699.490344 -598626.949919
888869.085561 462405.556428
-477289.907524 -709234.031908
154697.407106 536552.297269
-198123.647120 948374.356530
364975.021630 -588587.429859
-112868.328043 700482.991109
-590167.615265 -327519.957152
852549.447936 320094.603852
-284237.118181 -904559.374489
-108594.859307 866105.214643
-963141.299367 150202.864151
673404.039569 -974632.436217
-736073.742835 -715120.309493
-54568.651375 550349.618326
20245.609707 -712834.983921
121505.537869 -972640.118749
-501257.967337 -875556.420784
-711852.292672 -921344.726235
862760.961629 -283760.607409
-641708.470767 -49565.300498
-878829.492821 56550.669702
277832.309889 785096.824937
223524.536422 842036.622713
500196.389265 16378.322475
-617759.359114 -92002.683505
-229214.632428 827349.900700
848821.498373 395080.022344
-339408.387686 422383.859810
-821940.432928 -586201.529786
-706427.090168 -124896.674039
-888833.675846 -465822.880717
525674.232443 -934560.880565
-650944.970997 -154395.512359
-775167.140795 591247.494647
-18261.750449 -162755.998612
-151564.961202 -112794.765982
-702300.255138 761777.808967
517219.787168 77718.416487
174335.686106 134992.017314
74352.874026 -996906.972816
-137616.657172 661740.000084
-711201.043660 952770.003760
482625.336174 159359.410722
-236703.090308 -724160.232957
518107.295664 -154065.954179
-143925.723135 -852153.760174
-252037.733086 164939.128143
-754328.766999 -569036.307486
704557.406211 608553.917039
-246090.062618 14316.600458
-513749.152974 271718.052389
-906905.033567 130248.600175
129287.407092 508483.478870
434620.117972 -749655.642783
841743.823217 969025.186948
-304489.777710 -258387.569447
-813968.166575 -332070.085815
-998654.065081 -537843.124514
-377200.733186 -298388.915725
-570778.101184 166180.128681
-707174.414017 -409388.069386
-864485.144867 -926132.124190
-164189.470147 -920222.422365
756.234706 -541261.270084
-659333.093828 538732.251008
23787.837842 -18347.924253
-352202.255021 -921107.495826
63615.039771 22735.358060
-451513.457138 920322.225492
947100.232134 595150.411924
-963881.446482 479731.907915
-925794.198616 841973.394031
-756439.688067 -851217.053939
278801.843089 -553779.712204
523547.971336 74686.396463
-763003.031865 128583.199983
348017.248016 51539.356262
-548723.440790 148001.713367
296306.862379 -221583.049046
38838.210248 -199778.913323
83012.201086 899462.968040
-108381.498950 -35025.363304
-45865.904984 -247275.976478
542175.262343 -535045.714352
-437601.768848 709533.538543
-314401.437599 -579059.667007
599532.051585 709462.198967
-927820.176527 -636850.359350
-144177.367165 -118444.871947
717235.273285 934258.308775
535048.701014 -204675.117375
879995.659993 671879.592755
-63260.241162 -769133.153916
37827.714105 -155647.287809
153120.871041 758365.898017
-53225.983267 -733310.526123
815618.205274 308464.152038
-869992.167013 233927.766032
-261871.618044 -913331.560222
-101372.921450 -23402.209332
772427.779484 -528573.599148
-455048.178054 -700746.208566
671710.899535 -613863.763530
270306.652468 551758.130393
-837471.379939 991327.327261
580547.839758 171299.846150
801582.508925 497058.820826
27808.869763 47114.068727
192581.084726 -318432.739367
-923407.608329 32002.891330
-962215.534400 -544222.657947
-640881.758680 -131613.857556
613670.003005 -144882.011347
638344.155905 476310.014922
937665.363103 555138.472454
-536823.745573 -784832.261687
405011.828979 240406.097967
116361.055487 -78304.672747
-214977.115956 -883087.367317
-820296.647442 970666.622542
593409.091972 -102039.749522
988875.932612 -636856.404977
22936.897381 186738.069590
422032.984955 843571.612699
-238815.251208 -510195.325925
-238009.394759 -503854.661508
-564869.305369 247980.735782
498200.200305 541603.301810
-422998.857403 893398.879863
-339354.292426 392653.484395
-932281.987301 438304.665449
240467.591645 -312034.488821
-384005.181432 548686.698941
752935.983720 -25203.858861
-778684.734416 580576.102025
-627083.068948 -862784.396406
-830459.792543 -713028.400582
57474.067738 342839.010068
-800089.786586 212692.299208
-635893.422920 -146539.486374
773112.208875 466405.440559
-650074.610908 -640175.408249
-434509.207819 -242557.757886
848036.471863 822179.173362
-68545.234824 100297.706966
-543930.827118 945205.522973
125206.309002 -524429.481338
308732.520197 554205.028033
212204.488016 955833.888882
-543730.650947 368221.624865
744341.203944 -323808.395383
428887.426091 -858995.450294
-508337.592680 32870.688329
-698243.710895 -442348.743048
-114482.864132 -159886.988166
855746.022751 -918765.652560
464369.383280 309725.544127
476274.877918 -9818.220577
-747348.574811 309031.003529
-323485.179568 -535653.641005
727207.586994 405747.254923
-304670.520148 334014.475518
769142.167364 -69632.232517
996213.535686 165896.204919
-710977.481440 217092.553195
-623122.558890 -784044.816799
-935087.885857 728730.155782
-82023.232680 -662888.165675
-455533.956094 -34377.078472
-366779.223878 -32729.073095
-630092.854044 764158.656214
772944.968635 -603846.265392
-203767.845697 766781.975959
-36003.831150 -254923.397562
248764.213105 702206.873716
-914518.523236 399628.013575
147304.336586 896141.725858
-619620.009448 -796850.480124
-435375.836718 849936.424346
-194538.887975 -131243.015753
-415976.262516 -735308.481007
606274.283238 -23190.839727
45668.651620 -93471.395924
628365.071255 -922905.283307
-476934.765219 -245963.532792
290322.429845 -530595.785269
-474615.370841 727255.257065
193820.244539 754571.591781
614598.683030 -851484.241676
-180256.913167 -536444.126882
512037.413379 -69495.545915
-188936.753897 760621.534275
290924.582345 -476275.437132
604675.333314 759929.998932
-549670.914628 -411503.654255
863899.615025 -114081.661559
513660.518738 -297203.085214
694588.721390 -681736.311286
-706055.203645 901053.904056
715952.170483 233268.668098
-149136.503610 -119048.235989
-24508.385952 255848.091679
262619.374315 -729058.232580
-586645.908788 637155.003644
-154910.674970 -439064.269502
247116.733600 106056.531884
-380409.153658 570868.503127
-153434.058648 -535198.541181
660871.628401 -444847.664888
769482.241850 629502.644655
-536599.627007 194789.516905
-507096.621523 48683.674783
591090.737607 -535267.358751
947990.903177 359536.510131
203943.443748 70938.286412
-39331.814298 -936368.230939
931671.743816 -958699.231803
676056.180619 -455105.879813
-796866.527562 -92926.223160
-659580.404374 736282.469438
-916551.352470 -732364.186255
-312216.176743 33493.993808
-784109.406279 -606374.578980
-895990.337652 -735703.677965
783794.590124 -724656.367001
294897.171502 -474075.371572
-330111.575019 -989874.102509
-507310.766823 364943.400891
-560465.892875 953451.258124
-316985.229825 907129.132637
552851.771653 -486791.264790
-133470.556142 -557098.843236
-90297.667151 159350.120129
37459.229002 -70019.387031
33069.007073 831369.662047
-860690.713376 555927.571457
-957901.042306 181940.873162
-418467.081831 -695880.655390
-40.751430 174340.202717
-862529.046634 980874.413877
-853647.710122 -948452.016631
856068.843689 -559759.181622
-368835.325353 840737.226473
83088.444509 697477.750921
642473.573807 -683095.000380
25135.868793 -524934.389245
840891.678219 -298864.708449
-264940.280428 36621.454261
-941699.298272 186347.264899
-9427.802262 231643.547039
-905284.897008 838951.225259
-127663.723347 -588532.521969
743357.304615 -332977.117105
-275518.455554 360662.616735
574173.506288 -516745.721398
601416.163490 -662140.643112
-199284.909553 113950.196504
-991644.641408 -308270.015699
769019.301938 -229178.704031
658238.251243 563969.968684
-979298.562891 189993.697014
-937305.552005 -199665.317170
-230220.305737 -219704.770389
-177603.863017 991636.503753
217114.221667 -605570.950214
-317878.485682 -429258.782193
-58535.241754 632938.594135
753641.435828 818493.807423
-603762.095776 66534.834884
668394.908070 37155.592612
556100.270136 369134.646666
-600958.262561 -583535.990318
426882.908656 -265929.015248
-427170.364186 615254.367137
332474.750569 -331512.881563
969727.757612 -927981.942400
226435.584521 -172893.727985
-561270.045999 -276514.756094
-80149.157850 -955569.941050
47115.316693 919137.826241
523681.805155 133833.564407
-435379.480550 597907.563600
-293046.982317 -446273.848337
739411.773364 -288928.088494
-594036.886149 -431920.259943
-642581.381837 -531435.162815
321786.343550 212093.600931
-49282.957201 379943.208963
-869208.609986 943813.645116
321312.011524 895850.095218
89969.351945 874587.437944
-375074.107623 -609566.314182
837088.962208 766247.086955
210145.611170 779405.499990
704442.652927 -994988.388103
194693.388784 -239646.679618
210350.367547 -597827.962812
249772.837787 335566.288273
777515.134363 -522785.793629
-29261.437414 -840125.481472
17964.819895 306885.288512
-279444.581598 593446.538337
-140641.217869 -541209.790213
-386886.573177 208858.712085
896006.858389 185257.911439
820377.718675 -384033.873316
28418.574914 670951.389319
466832.382152 -851587.656072
-707880.700639 -897225.233521
320237.041211 -503683.900122
803898.917150 -47001.927528
-789506.787504 -693662.579882
62214.071112 -79215.566524
833697.580369 -355075.406004
-900454.829884 -111767.486201
-558161.432380 -575032.115584
-34508.357296 -204914.532409
547789.536699 -656767.241453
932664.895965 -682159.673306
-184615.679487 -281556.104289
-69034.989448 -49861.590138
-134695.678521 -428016.813083
787467.423126 919009.529401
-705739.925834 -51988.920836
7438.626146 -329841.930026
-833260.118598 -394990.431258
-797360.120489 178088.607541
286429.922629 -535686.722911
439447.201762 -55500.272937
-212943.400821 -543128.216516
-716681.366294 888058.647116
-233886.308996 627367.082948
-734642.129701 -757365.481272
-542908.902773 569091.064247
533506.443839 607436.837041
-894616.599236 -829369.823062
-217629.555094 -755145.208310
307739.462790 -910167.765525
-907019.697140 -64408.906415
761342.433587 625083.989174
-586727.101440 -585391.939126
-440120.631487 -16633.257834
168284.341688 -299381.328772
-77627.485416 -547018.030401
-700338.503635 -157590.757633
-568848.734137 -287235.014373
538818.755115 635147.883146
-207622.661401 -607591.027299
-603539.133525 320832.172017
-492104.088259 -350749.556872
160883.313568 4391.497943
372936.185116 -91930.066206
-762342.507092 -214508.281224
658152.266286 -408682.112565
96531.648034 3567.047068
-135409.978665 753789.676944
-87437.873618 -867621.537053
821732.652438 -425993.278018
-736131.309002 52973.015673
21374.737602 -85988.178362
389507.121963 -220969.760259
-416798.926155 954077.917203
346029.785416 -281275.259642
-606774.384269 807572.021108
589499.978812 172980.243391
-267778.634174 -738299.151059
80067.387759 780244.179651
-681675.850071 433878.776533
69022.439313 -728880.854407
-69513.591487 347699.397416
-441154.096205 49935.919629
416437.496088 417837.268041
-952673.032453 183763.635930
971969.468411 -518955.388579
350893.837465 546231.348600
578280.600740 -732173.400321
254585.333965 -772916.168152
112801.838634 780925.378743
211238.852284 -218158.218137
926806.935791 255960.749877
258420.936243 593917.323123
-548143.069490 655490.672407
-693543.720027 124664.659770
285498.392097 626300.807419
605836.087072 -810664.648559
791856.334471 156376.936837
-738612.815582 806503.849376
-600743.065282 786665.007997
838941.392291 808824.278722
-194470.781839 789096.211655
888887.990142 -566806.521540
-779097.353155 -431333.687162
134118.264215 206016.603619
47828.567604 905347.093604
913499.237100 -356171.766852
-912033.157629 903341.928999
-732064.997162 82032.527234
166156.587713 857005.821973
-268044.913863 246796.175451
-786238.706222 -251806.055141
514121.895040 -695859.975283
-247074.239425 692358.641124
-582959.758463 352797.091788
-738334.483264 -512191.606544
-217666.955998 534682.622348
-217949.446024 -366162.075386
736903.171439 328433.310122
-715845.271916 622678.579670
-950242.298005 -997008.374368
-753513.789093 -448011.553579
624945.781038 -52256.360569
-132598.674191 -397597.227874
-405073.301655 961985.105763
389813.667985 417057.752279
902984.133993 -873322.406085
-587311.305628 578296.407015
-507151.900082 888181.690824
923857.741970 -632415.733409
10195.575667 721853.600957
-450326.894002 -821974.861465
783737.827804 823588.397307
534598.299620 179543.193421
417320.467518 -612526.399981
542663.158411 -210728.747843
-50226.247050 972922.772272
908360.586851 18733.868988
-738702.692721 451347.614473
-660843.204828 -320811.565720
-999151.589708 -901817.237591
-883719.442031 -282230.055262
-904354.727814 69736.211607
-151729.128995 395521.483243
199591.941870 -911986.797668
253898.667840 -191630.888486
701752.691370 275493.411262
330573.514804 -779920.319819
748857.848760 -747307.806663
-257906.048100 -160324.553149
-751738.985762 842857.032432
469885.654751 -700086.010954
796807.646501 -488848.087424
-319861.423580 -942492.468982
-383787.841818 570944.667477
-894457.688124 646957.418275
-956879.650441 470832.924414
-953585.926269 788266.507272
-319083.759338 529468.402297
450264.496088 283988.444361
463509.238033 910630.207052
485192.047203 199317.651882
768085.187103 313106.257237
566860.320794 913998.026753
604423.747568 -819969.372202
194284.024215 -244746.223583
-876052.625770 573082.840228
-662489.669672 759822.609983
-802140.754527 207495.304399
822591.642466 766327.993779
941081.273519 119875.570040
-975254.904451 -551680.396253
-103558.233972 229841.670688
-487865.524046 -538099.072899
-187915.059387 872152.972324
-882059.686554 579777.518798
2468.173851 492898.454372
738365.383606 -860380.783405
248532.608684 -256226.583256
-625173.584536 675695.336150
92477.491317 -671005.033329
636338.815766 -432626.556661
723428.552466 374346.312063
-438844.154938 124217.130125
-794830.364673 416294.843824
-535994.868322 97096.445273
39135.741110 246067.902135
899597.385299 876794.245457
-584500.977581 -767709.768675
380781.792257 -461192.866841
680614.265922 -240617.049062
155022.418107 -283173.403571
789779.704999 499257.088815
-645121.701423 43535.969314
-307300.105385 311922.187762
-568816.475141 510574.178327
160382.362943 73904.242980
638578.128354 -882430.233272
-186179.706262 894317.289229
96899.530111 -243596.286694
-470241.860044 213766.031209
-197115.959282 111368.287214
683693.944500 101948.221034
-126125.047606 -218313.806829
681560.483675 94037.114854
-848167.590465 -527521.935189
66147.483312 913199.485215
910287.983775 -553257.888848
-958588.413057 596441.731068
14366.217665 -194487.293637
-705359.515285 -910500.696070
443246.027914 -757102.090051
678996.942217 766724.999420
842877.119016 -773400.048935
661521.943573 -792043.489216
569050.795298 -296082.131268
-569372.737948 -258207.272782
778845.915909 468991.519205
-251909.017128 -234377.739744
653731.328973 751454.668576
-348943.858556 455888.756670
-467597.800151 -70639.483127
512290.465886 756627.879799
-736710.547495 -619257.940132
891606.065617 -94945.742499
-64514.169217 -407630.607748
294000.053600 331800.285767
-424094.134538 630209.970659
189406.634439 -872062.361840
92100.146778 -612778.505101
-677793.842363 31827.595771
-826521.222391 433609.043854
-124780.936445 -481468.314447
-666335.082680 414118.019789
496593.743695 166312.604997
36004.944013 382564.694758
991808.841586 269108.754082
-358252.750108 -705968.657551
971785.675637 242345.637427
190544.123783 737485.610893
-227830.137301 -175419.132021
17169.841970 42956.932239
133139.988668 664125.622684
-33632.934350 -450588.009435
-287403.590332 642763.594542
387210.660498 806709.413026
92570.510734 -138591.525285
835438.504306 764962.767509
-430691.655860 -310235.990680
-643701.973320 -260452.468442
-514855.312957 602398.318861
826326.872016 -418375.627440
-53450.142385 -542405.596206
457951.300912 395174.073612
-906165.357643 979169.670270
-32770.743033 -548418.105266
661316.296687 -707057.766543
-346452.084842 -294258.314600
-722824.772323 702269.465474
-481157.369036 -423421.663903
156450.181860 -340506.663888
866832.776551 -113776.255451
-36685.492065 125282.192760
-907920.151433 681233.477730
-303722.256896 -461391.021627
185866.484553 690915.356699
-59643.216460 -491035.967048
361273.906448 -407219.017871
-771831.757466 -109022.583001
270567.608644 285204.280326
-616315.313393 698112.082460
-141248.340090 533509.836512
795051.407440 -611357.673824
293701.277942 344270.043273
-215785.401029 61025.455361
613271.279091 122533.267477
-689154.391170 722536.613833
-460135.520727 968607.040694
-624589.071681 -807621.997397
182788.073984 294060.031279
-164946.950836 -660984.542088
-730454.829494 696438.983782
560244.139353 -55185.460961
-301071.906289 -492714.075868
315866.159241 -214072.812255
824104.820884 -504828.525225
-937791.628837 -475872.878447
-714370.876144 935188.427733
-168848.103522 433448.831247
-500303.057088 -773900.847424
891747.192604 554805.317747
115426.000096 450522.169875
-762323.102911 502390.719515
-890099.569969 447656.503951
485908.040252 573317.958146
-478007.982016 -641286.456634
381895.273790 598334.865287
-393460.465752 -645616.609221
879248.515195 430023.292881
-256287.313350 749620.727995
914418.568636 979781.113162
529441.546323 730542.632925
13118.654413 -28536.527914
498818.220731 22272.409260
739404.175097 461285.091436
545879.275017 -326597.652492
-124368.932121 517546.866177
504406.559028 -225856.689992
-957081.619110 -416534.559497
75245.088378 -983538.924642
-925517.676216 911277.531848
-794425.987186 352508.608179
-401256.565074 -823379.763258
488549.445465 -323824.168536
547876.162588 115137.128220
-591559.532229 -649205.068019
471291.218835 808166.138610
-360860.099151 -327633.171637
-642511.566994 -482372.707150
290451.000150 -514609.134473
602420.171782 -924103.026701
-16244.954192 111444.229372
-630418.571737 -959377.612690
-110490.475177 -990100.274167
-382221.639577 -322872.615437
970661.138657 838278.593373
665663.423273 -974818.411043
-284460.174284 788058.456444
616363.392843 23534.217125
-70568.029709 -812393.205271
-415437.903117 461344.698316
332293.118668 -270973.134011
756251.833478 -790986.858902
291537.135247 -960741.584568
-852300.954339 -439205.333439
196173.858086 -561786.436697
372405.304231 -741695.710757
-634892.791504 678877.079215
-904166.232698 271848.790736
-852746.072841 609905.837118
921519.762918 -284353.346627
-346107.723319 -99768.762411
290212.517305 -914254.459644
-963840.563328 956753.242934
-440872.973503 -328460.477224
819757.456461 119787.978291
394224.127570 192394.887565
698661.792762 -728429.702055
-539177.237707 -693146.884936
697003.547618 919365.893919
369665.268618 700143.459612
570336.043658 -61393.401837
-735141.857753 -76456.263705
-650056.485921 226186.698360
595667.716144 -141843.977307
-494838.743181 -723879.800968
65644.483642 -371790.651837
-583695.429118 -274809.783370
354703.132982 12893.781135
-877170.768128 466424.992009
-536894.903241 -577562.638649
56586.871314 -913693.493115
184692.170069 -569638.092326
-354710.830210 -381000.479023
425322.454260 -832770.604480
-187889.869425 -439122.388728
114336.891665 57056.976619
832441.303305 351735.294583
-155793.387886 972197.113078
-752524.480387 -255926.194717
934581.688783 315175.534031
190715.022030 -738188.965486
473653.625755 -257116.155655
-753787.044240 -149037.796563
-776560.679114 582511.837574
175650.418204 -282362.692816
198085.625636 -447068.329641
-365110.264302 -561865.523841
727775.503384 -64632.279299
885009.612751 62500.490798
832248.825350 714931.421934
213925.520322 230322.328950
-297023.207058 -683315.534110
-744743.032504 -426723.419439
950065.508801 226626.677413
-89953.883646 51303.729353
-70734.377837 884896.517873
-287575.516360 681801.912556
419044.310076 -565660.158644
-411001.494739 -878558.051338
439606.186621 132470.167457
-944479.897929 61178.699352
677522.262990 583457.615005
88130.615013 532563.095688
-994085.237685 -65311.741748
889957.076434 -189769.772827
-12834.094448 -66022.054865
540077.400360 600028.155722
-963616.835635 778881.590666
696047.363811 -491744.164709
366156.390668 290842.602883
-651874.743943 -184072.761080
-704811.959325 546096.213506
518634.828084 -621067.234300
901181.570727 -257429.773447
348166.466478 625778.946581
-38620.226524 122341.905485
4845.489021 -886388.061812
348217.042651 -141289.994169
-532461.886642 779394.080810
-386062.481853 596771.807606
262519.154163 42140.223660
665114.389603 -57942.590837
350077.392039 412632.555276
827111.946189 -188865.129965
725287.037771 -834890.918663
-731802.005669 -618319.265847
-188195.596072 489666.917938
133078.165631 -331156.855240
-107383.319332 695872.067298
824153.246528 297082.325827
194241.247750 -97639.011821
-728370.478752 716847.548748
815780.179045 717946.745744
-806046.922350 -398489.341340
-806068.348699 -505401.988156
443042.188103 411566.543702
250315.349615 -419208.676601
470189.413472 -294630.843966
-723853.165989 798826.127483
901830.961959 127216.939903
-685865.809144 911452.126540
230779.231605 80863.449234
678341.568449 271100.757851
-665805.490082 497193.150054
477138.556949 -392641.709146
-893204.024424 -209962.037554
-590743.932094 931933.319388
-536616.570799 -881434.735649
-61666.655913 -313126.295000
50796.428173 -372949.003095
529420.156989 962332.107748
810526.102166 798605.198660
32003.765574 904955.999888
771290.679887 598289.458054
-167067.225380 67323.728084
-425158.579282 497284.768779
418792.787620 -570931.139549
-95993.294590 37555.636443
-907110.932649 -27565.729493
349162.067440 -57.295694
-804627.945360 -629714.182017
-40722.537153 -951794.546535
-182906.370185 19702.892957
-123347.615687 379671.396843
-755291.014918 304356.345205
668583.017031 56108.702264
-112832.751867 267225.582692
-940761.368549 -673028.576671
-438686.510933 -300639.339229
661946.008823 -567766.731208
515080.483658 -689519.449134
-657798.814010 686212.982652
-968204.028870 222122.743416
970475.528650 675461.223479
909236.638038 971983.163144
653759.922506 523026.925705
-147978.190027 826801.603811
-866737.837465 -833563.084932
889734.258532 884160.061845
-819850.899505 -57105.155124
666787.083168 -114800.486103
136501.838860 -969508.674165
709581.919291 -519697.453542
-688168.585055 -412712.497882
-777829.065257 -485524.156573
542204.522341 -200496.462251
-111571.115876 -902572.367724
-7077.691288 -561163.593741
577301.158421 -960430.394050
935977.037283 225883.586533
-442617.851776 293614.266574
-183513.274126 556612.739488
111769.469410 -536770.714235
-814763.394472 -461092.613622
302347.650738 -113705.259530
446921.690329 -573405.505288
-953711.142521 425927.286919
799531.777620 560069.225160
-567131.259888 -555639.318915
783938.865937 82841.476550
-646266.397534 596378.188158
744333.563689 881598.446316
-346311.930383 -617835.622635
825162.540045 -235174.960859
-440114.781431 567727.788252
-289154.807114 843859.313363
-2172.997891 872724.648617
-638814.510579 -77072.449333
611833.950772 -918705.297556
866169.985240 511189.371346
855822.744064 153222.739209
356464.821583 161322.037319
542757.746296 742955.579212
-137807.499398 171668.563722
-398281.404166 -762659.126320
525818.720613 382972.102767
598930.298244 202571.366220
-374644.989788 836.918121
258536.682490 815579.840361
822598.129720 -163705.726948
-793192.960112 -351558.653219
-224199.732570 -68711.929514
364129.717356 916529.220525
147416.778919 471261.944491
146265.443604 536715.248926
940481.348350 796416.484875
407547.155147 -195387.312066
-338253.372918 -738777.858066
-432233.514762 -801709.070211
-93993.631930 -403832.637855
-372336.998697 -128990.065869
318658.493357 -291429.134993
-472464.157277 -936161.978985
-66008.511812 258834.092440
-845346.028539 -171469.247988
-776102.448412 -935151.697219
154689.437857 -204273.702249
916084.054235 694837.876044
-156750.851901 512687.551323
-966556.863657 226663.195395
-836387.263882 -995868.078007
587084.814907 329930.786260
231060.978541 374207.400071
424422.625591 502585.613990
903305.893387 -524140.343871
688394.329897 -386505.683465
-127486.950523 -2618.701654
-432706.988789 -832503.286861
-896030.112507 569340.185140
-494520.063406 -498578.123292
-216927.673061 -637831.916746
439959.751619 280365.994114
-656449.988212 -159953.859065
-742165.713108 186368.671584
-553312.882814 18293.422300
790625.183178 441279.619116
-475733.967193 -60679.790232
898781.486015 -957626.687025
494922.706155 -828990.772519
-734915.841996 290766.612838
142396.471361 33130.574216
-594942.057624 -308985.487012
295109.941092 -305944.527137
-550311.143859 -762782.693823
708132.026216 -260170.316047
801487.775992 -330285.804707
-203614.988591 -957145.879820
-743941.962408 -110354.106505
-19915.300967 859937.163764
-536185.346314 -772563.509349
-456773.664997 -861249.855405
476751.067955 -411425.851684
-208683.115336 377427.486994
186440.487060 202904.217316
742154.554331 -342524.749059
808310.610825 -876950.326729
-699721.382140 -647279.019895
-950243.699291 445427.315747
-406655.560541 -160561.418613
-973552.908856 201352.583092
-372198.631067 -193188.027610
507805.339881 -3564.156413
-88133.860566 88944.554626
436825.581081 -900486.662781
338342.681628 -184105.202914
-994752.463381 981292.863726
583203.605925 -376804.954395
3293.280523 -91816.489061
90695.261778 -404968.094493
534988.168438 -498181.871678
526951.617745 -902944.193088
-548921.355381 414059.520871
611161.294837 626737.753852
-894945.841806 142996.146370
32965.923687 -668235.484501
-692338.577303 -949974.287821
-954771.246018 -675101.240880
62812.481390 521867.129314
-835068.851844 -255997.768676
-295291.408821 923535.096688
-382238.176568 913891.864819
760934.198794 521521.768871
-45997.059221 -181828.781597
-454302.944721 -134348.806296
234396.387897 -209793.666465
351052.550417 -552090.020372
-991220.097386 699321.480271
170892.310574 176421.607642
-20492.436205 -38877.590610
-203559.067481 -194089.299185
961482.280662 419774.094141
-341533.159013 -154325.114749
750567.399334 162563.585571
913032.174119 228110.787584
399949.277625 750912.143029
852970.538670 -413209.372985
18984.590059 -169457.998844
-835561.516531 -938075.430057
275245.593723 766201.085195
21166.983630 499844.997531
797442.640520 914151.591171
-965288.140458 245529.277361
-191079.619726 -354067.882251
-255024.095546 441893.508168
195133.566096 37462.626345
-837753.287556 642942.967143
143974.383256 -336080.293297
-106483.767943 -23013.744823
-854929.419456 406187.977997
-568953.374166 -674702.005976
794162.507317 -856452.019551
768892.546722 957059.870199
224220.637555 -380590.400210
60773.927939 -678357.152602
224628.256795 609905.358383
-302838.791230 -254287.056282
-84168.565027 923838.343508
-588126.327746 -483814.217675
-129633.402677 435307.646878
236526.316578 -356828.574392
-318199.728323 209155.231554
-420011.632385 -917432.343204
773783.120938 -506595.888417
-881938.737642 892978.372483
528151.093792 -883912.027768
569038.634740 2254.551525
77486.218377 -867797.112736
618292.173500 -278920.527999
-713393.993881 952003.122514
-3999.082342 -442485.151830
-345653.433462 -791939.483735
925134.598317 503564.876271
-991547.294852 -375347.958336
-523056.160731 -333286.963701
117632.127673 73419.886867
-390783.239558 -673697.727401
-651365.689356 -291092.783354
906378.390360 -143466.529335
-66349.999836 -175983.083106
145861.517941 174430.949152
-364893.118198 -536235.574385
-853670.484687 65872.342824
426841.777251 -844103.532639
263192.419802 663730.716978
370835.745892 522026.234610
517204.448194 864037.735834
-780234.291646 -288750.728869
669156.926268 -392990.645840
453870.566608 -912307.742448
869887.734306 -635491.053680
683753.511363 -813019.530136
575663.098851 -84581.692304
970457.375707 380280.310022
-393490.074927 -838224.670172
-884340.442852 648329.921549
21322.815254 -414386.485981
-394287.700036 -618536.182092
1796.720021 817608.200298
356409.733196 245608.771487
472262.992166 405531.064532
-140792.993475 -519778.993543
99145.617560 -870537.607620
-895921.571701 -616922.575250
416019.567386 -632299.263641
886505.465175 -172787.018544
-495446.480758 -978050.191216
-482320.308594 -391193.139013
-32760.988571 -509248.963601
601061.472615 -742745.679968
-97385.734747 8664.565622
-55940.737695 -935127.510221
-362424.104447 114797.077492
-24532.165429 853953.390512
704002.450740 -939375.355316
-675314.437302 -620736.331888
-894031.743909 -745076.867073
947871.644409 237264.461511
-238923.066850 -148597.341209
215738.197838 -245845.653175
-514874.513212 530300.287008
-614022.302791 -236155.849639
19774.596348 706114.749216
680985.584668 -9392.869167
-79794.201827 342889.697199
219244.303396 -793311.076678
-997255.915553 807762.143470
-668253.945843 -924857.671794
87592.282212 761441.085367
-165801.524621 -744309.742892
-103737.062986 509636.300824
127052.102005 47072.372860
-926779.002788 922568.195790
88272.202778 -675485.293542
903843.240304 546032.935252
821103.303972 -76043.282892
-794048.185456 -112845.393280
-873649.958525 -471640.078340
296043.625486 320339.038288
-180459.883054 89065.382724
509758.743223 497783.651513
374390.558706 -958400.706730
37283.225432 -918817.151386
-758349.522659 444520.872480
474025.512714 89977.875173
-656743.022819 769115.271140
768102.686666 824778.536048
-699254.470187 702527.543532
710192.476826 908077.947039
-988245.681520 -845364.117581
44543.169416 -446997.209743
-263067.337535 96069.236115
743146.431659 -215339.847626
756126.012392 164636.151594
-960953.043350 -341414.569691
-831504.280553 -580401.789017
-954259.598632 -616761.683129
872091.497730 -968136.106875
438402.969075 -293149.733495
547399.077997 804791.565432
590407.828335 -271204.842399
30843.277614 415955.882075
-911841.812062 682737.925168
456363.534792 508280.675882
-753271.008894 -299044.244795
819307.728623 51795.534581
382641.284277 165225.419672
204963.862780 871926.039927
-281656.222107 397857.672086
-847153.430282 74078.120314
882513.145092 -951450.705777
238732.673513 -759590.262089
-691588.722922 -486096.508364
-765695.695532 -900608.703018
-255864.070282 -123298.373361
-536211.948531 580317.855978
919331.078150 547615.045636
466344.960055 -406715.819286
970613.252826 304789.081968
-498589.490481 134218.087431
335002.776123 -759216.035610
-607944.363619 -736227.500021
955319.622220 851602.128261
453972.739507 -74308.364275
-371466.729712 -514141.060185
214900.960922 391630.671518
762061.181978 -778755.459426
-492336.335469 -343444.816184
-286270.544244 672469.818273
87475.782705 -445934.746608
831080.473702 -904765.456232
803983.450608 -960374.608831
-479781.238899 -616296.657733
768516.199508 302572.360238
-972855.262817 -711300.967990
-238114.530191 575634.133882
-368071.324395 -485001.123836
56540.152250 137172.541907
-607750.858619 51100.527117
273875.735414 594302.394974
-34567.813799 -570062.517621
-483535.514676 -841598.658510
649057.274021 -38532.081747
351223.711803 -347520.228120
345651.227336 516140.041562
505035.324526 -752065.631531
-350231.755338 -658460.044184
36606.785098 -843257.968284
-272444.533536 931273.637351
128188.664542 206773.278464
-113874.558871 -91651.052820
-978919.022154 768357.653810
233524.915817 -981385.352220
623546.913579 -207411.370464
-564578.386866 987887.781795
739725.373132 -591516.952418
-230650.297730 -895379.219818
-788719.784391 636739.917040
-597031.955592 -138942.409066
-508479.502717 -973317.306753
-309992.456975 275675.289744
-65550.196425 -370106.573721
-882124.148154 660314.212742
-688244.584525 -126353.117923
-721103.329652 -120114.508312
-904507.071552 862512.486987
499523.488513 -433878.397685
-765728.016871 -117866.481291
-913463.497510 454968.394501
-83217.914716 -868783.980904
76072.197576 -754670.018266
-209094.535652 3542.894667
-802086.356921 200597.286735
-945299.737184 -651523.185690
480201.384917 637355.626071
-656139.790196 719451.697084
-69368.236655 935526.934187
-216884.876962 -628755.155925
818062.695731 -630369.685231
-561671.495448 -111916.684634
26085.565687 50520.290204
-555843.057127 210863.862480
223315.297344 396837.641149
-42487.065476 -381356.828455
-994672.010598 -928771.668467
-924883.842301 -537588.540744
608181.237672 -184028.239364
362640.630230 205586.280943
577361.343302 -553153.892498
25983.202765 -739706.133317
-855522.114161 576843.652898
822179.364583 -797383.732146
-487819.983285 -880783.476743
277035.696172 542948.820892
-548008.352692 153477.772142
994044.383302 119955.990243
-958218.703748 -106582.887148
-745024.837898 322859.760065
21363.507302 -160316.645554
-227366.794703 -840033.503341
-872382.545110 -288092.286138
-24049.230262 5158.103410
504373.607043 714215.900098
-430886.191096 -369581.517756
261934.453557 586767.012420
939363.854592 -424532.537760
-643694.732284 901204.727041
125624.730098 -247874.257114
454693.863528 -83597.496872
-284586.290898 -7352.991200
-551172.228594 397362.936873
871878.955710 -115925.985927
-968377.922907 690231.007975
-108127.193068 50834.459196
47247.993429 820728.042629
-729964.422466 356216.764099
-55968.530599 -603753.827546
38819.743866 425321.817575
-825743.402562 492966.204093
50325.437590 230466.995474