150
-969973.909322 -23265.718896
-941622.620759 -117505.778992
881142.742248 545526.808067
-144540.227581 -882678.352615
-535347.140386 -609945.768896
-906999.348243 -459021.688247
550279.029376 -44002.777842
-534256.570344 120920.135381
616069.659583 -687870.549204
143928.881053 -208696.170860
228654.960526 678945.585075
733531.615025 785664.543114
622786.751729 -161344.468132
-23227.965543 -141406.897711
-283929.516297 -840958.325115
823852.455711 5807.755132
450621.322148 636944.272165
-805864.467330 219479.878700
66962.015222 630083.982030
74211.315526 -836640.524498
877307.278908 -15036.438882
586227.243133 -30548.146880
-229633.370864 -225645.663611
-23656.012965 -488210.113353
-122309.612915 426983.721078
635239.384780 700674.472636
469720.055349 -554967.793379
-80244.554833 -216358.623460
967687.824894 -944981.671310
550185.496671 119953.705218
600523.119716 35261.339523
-552111.758811 834079.823531
-972219.511774 -339578.451801
-507359.169394 474929.056407
-845789.774809 315948.731288
807033.624968 -52488.514725
-603918.153129 260571.698311
-188168.775279 -212067.929639
-599566.891376 -7865.867206
110131.445951 782530.803987
884898.345323 544972.281897
-441931.139754 519092.381811
-256056.582415 -420436.181683
560807.186056 -544704.981494
-51265.831105 -45711.941023
-715462.886504 -406395.653529
-560631.670358 -21950.469387
297439.548303 -543575.077032
-791090.124506 761106.671512
917952.789610 -70199.635727
-292845.285525 15295.904547
-66240.149593 54279.670594
814515.137309 -50596.692401
-149123.194461 105551.385252
229476.567548 -172622.090925
895724.540691 -480157.172501
-427890.545603 871540.043730
54983.170462 -776931.177786
256097.848773 85903.457093
666235.446457 -931076.683644
354289.875178 952157.106641
-939445.894703 -909715.423657
181629.802515 665537.187370
991352.018825 604279.256011
803615.768794 855055.517486
255212.227830 -488377.559333
-105871.301477 -170667.326858
-962387.773655 500338.955771
-284873.814023 136393.080434
-456061.468097 152929.134179
-104799.832591 901821.153618
45784.000449 -711102.409026
991450.914200 -419389.310352
281506.077148 -732590.485004
340872.091779 -523635.218495
81140.306992 606246.824385
-479434.962055 701702.675701
-991367.196278 -473026.369028
431570.520001 -488226.005983
421355.310198 -986861.000064
105966.860256 -175971.532912
-160017.833647 -789893.843141
-564058.476431 -892868.726870
176297.110427 -794936.059882
543111.392455 -698086.029740
873872.530628 568811.895037
-561131.686696 113771.079525
702698.572824 290053.593236
13612.744792 274343.378390
-98125.143140 565781.615700
-221742.189931 -168460.665642
896136.041056 -691835.463357
-26645.502701 401013.591048
325005.865056 -31366.734585
-293811.194592 489662.080266
104518.273532 695655.087732
-492161.730846 743754.453233
308613.115643 915501.726431
352684.735828 -940967.232434
748718.132727 343344.080878
923199.059486 -5171.743631
736996.255030 -114382.311379
417293.096338 -55371.585434
-957886.031931 -254030.195117
-647918.267942 802631.178840
959098.623535 122139.591598
407320.202571 -592750.296340
562506.265952 -181380.133232
-242014.466038 818771.571855
504466.125138 -703483.091975
-213483.212709 -441231.482789
784938.282631 940340.604284
33345.125970 965482.838035
959658.508213 -455367.977773
24598.177780 144315.083424
-82073.118420 -504505.909592
-462154.136232 418884.946187
-853938.844097 777991.835702
429208.583981 734103.091593
-575580.510005 665472.088884
19746.156388 535872.834962
961930.689580 171741.882617
95440.837484 855576.265892
-255229.414555 -735056.263166
488872.945477 35663.630734
731654.621330 950507.790419
512502.884104 425945.414896
-877008.564178 466827.156939
999695.371402 -794675.023765
21701.670694 549829.809867
-955288.826375 907390.169788
-85492.964300 941490.048227
332653.082063 -690806.517824
-921771.162172 -774878.694443
-914687.607233 884417.510649
-2135.630328 -934783.094709
-775738.685965 802867.342945
-105543.963563 -627508.704477
-640058.409645 83670.507225
-769235.200078 371167.712605
-27331.636710 770780.609610
-113631.740808 897283.644437
715571.724086 708637.226349
435482.433643 927451.278781
-642608.541339 -469416.952794
453557.212238 857984.323251
308099.970875 -713243.858853
978936.790104 -832113.790775
-227853.407249 -127353.407348
640450.683063 830883.581259