300
992507.295655 301425.438861
898788.134175 -698451.650302
-800939.130681 -83225.419064
-225411.639521 6485.364087
-852271.570731 -547614.652795
589651.078418 167043.067514
553339.385238 343861.818030
925959.732695 150090.167010
283857.526166 -819609.850222
-838100.276905 357870.264330
799197.480358 190551.051624
-269651.856900 -822530.549337
-290015.681488 -43236.205236
-1343.399970 898014.298956
-397908.985437 -711401.079709
-658361.849974 -260944.767086
946482.550375 -610469.678055
-676002.053999 954916.449840
-136126.818305 -397882.735605
522166.223582 12470.258737
987313.208340 426527.687700
-241194.447646 -618333.124196
364372.252812 477773.937739
-402359.873073 -268378.335060
180824.405514 891716.533003
-949808.266559 -481334.755035
278971.887871 199516.408493
460136.533574 962494.097996
133897.499143 66962.691499
426962.538706 443409.091754
552651.830812 -478761.616355
-297141.345226 -708966.674283
-20438.192566 -758066.349818
917748.830212 -175632.832529
-480796.606712 781902.506849
574497.803963 320439.223755
-664185.216218 551086.967307
290126.391990 544976.151000
-753988.385556 844726.136548
-421880.786667 225562.387377
-255995.383388 693010.117220
-196749.477299 -179004.230120
-133376.224369 -946842.249931
-908149.626216 788672.426713
-103110.166267 -426643.163555
-187576.207961 521006.088871
73490.899193 678928.998530
-671798.834994 -127848.726437
-885559.250582 100078.327378
411550.334448 -644606.570599
-927517.756269 491239.691948
233164.588455 322963.366687
857561.075398 976802.998767
-518480.020222 -239169.446959
815467.764280 -909155.247139
993283.775528 713464.066217
796097.935729 -52770.786415
819332.230865 322190.576105
-553148.395556 -530760.366354
-132624.527307 -255382.526340
-486045.970113 -550290.071323
491054.242956 -604278.395020
-62681.202283 -291131.466740
808158.109167 -113877.582707
411536.725881 -240178.431846
494186.977554 -876049.561551
765887.337347 -253535.104590
431478.033534 233710.636722
-581371.278251 -506464.578837
740443.904416 231788.035721
-801445.161895 -367651.026516
-896933.014812 -445910.905321
896942.311032 739479.164144
262333.525332 -65802.089286
-70126.463246 -359392.838114
-975718.701365 -502222.197757
54124.528779 273218.895899
194419.083156 350567.481266
563006.159083 -835664.166344
917223.014402 -273250.403431
80315.621709 639672.762370
-153031.297209 -33501.917264
-157065.037427 -808048.716969
-70643.658279 -531798.521483
-533354.171901 -871972.784203
-52025.956512 540907.304764
-749520.633003 -733281.665422
-534065.431392 -425120.755951
447379.778567 -907987.360779
-367112.901504 -648028.500581
359707.312679 -719978.182751
-88330.751820 -231140.325721
-433026.941220 -154824.429345
-487906.600172 -777605.010351
-588241.002233 34646.671894
803359.111829 946431.543328
-466191.206466 -295899.414076
-241452.813774 -869202.573107
-893897.894591 -638734.531513
774043.501104 77739.064455
-603717.244835 495328.668667
897386.907608 -890175.041081
-9651.778204 395270.528581
217565.379581 49538.060172
-526717.631980 -417337.193768
-337143.865558 340971.162456
448178.315846 670346.321678
-814728.860602 -388128.626936
963901.432719 -432199.480372
-988170.457715 673254.399572
449688.060331 805032.618959
-791497.405428 874848.859618
660982.163449 -958717.288301
296097.386822 -979240.028165
-634835.591587 717474.691351
-674649.271361 493846.011599
80404.308485 -855137.310958
-886119.225690 666082.808149
538303.881152 576406.918825
776706.679068 -911347.357599
958385.723294 400061.431115
718067.543992 -510050.216304
310889.782923 362032.941698
826218.337161 -474869.723775
961785.869605 -266400.838465
-932205.037852 -478357.054708
-917453.466942 139403.307352
865485.777669 938085.443387
396390.829614 246974.428371
266071.929766 -798024.143761
158812.805571 751579.863696
164601.059113 889923.696215
846753.962902 512838.807131
-955744.705698 736250.186527
702402.832450 -523743.097551
-584407.612507 975317.229578
330967.280753 -422914.237396
-586233.892045 -933534.989445
532144.448434 503883.742332
264740.621209 741885.125093
72346.678322 -844574.149406
679905.963717 -525478.608562
638270.432161 310343.335117
555498.288075 670235.087548
-795521.966194 800128.975464
-762570.647397 -536701.020539
30923.045110 -417931.569532
939271.972799 921174.592638
536477.753399 -461487.898895
-369272.275838 -701080.275622
657237.919836 551978.637246
775285.230702 -742254.252173
38721.627752 -191795.405486
930696.268241 -681166.238508
36631.192425 -417397.284017
-16081.165684 -27901.579575
-490772.902315 -952151.481658
979058.916100 -461768.925501
-614410.749696 -281431.631869
-408611.266807 -324597.770133
-343740.156148 675692.755783
-922193.158852 346612.799757
-203742.086641 -437961.684283
-946936.573070 324567.773093
942268.453414 26987.748582
638808.170495 54265.935215
-793690.132566 -669993.945719
942927.309211 657383.924966
551641.682195 -942410.687079
107390.951823 -635064.448843
-901538.321822 624554.803743
61850.850011 -441302.046556
422232.976540 648278.984657
-580870.314184 -891157.408528
-548960.683914 778861.962159
629443.416939 -677798.246856
967635.157021 -638369.086493
-744371.424274 -830327.723851
418931.603956 342583.429017
-613743.738073 -838063.107734
-949206.557783 -244206.798700
935356.752497 655635.182686
71216.506242 272984.974113
-166136.680809 -84709.229510
947628.713096 -42826.184162
254174.026922 -579245.582371
271015.457705 -990757.086993
473168.878870 -965706.175317
-486113.554608 -394265.882510
-273069.306031 -970898.610317
-613496.437853 165311.731317
683250.057645 -421435.586810
-806940.907799 -508885.044238
-684143.053350 -773928.632621
555313.814044 -82090.215273
-431501.631922 432834.039317
649843.734274 -916250.602395
946537.286735 996740.113963
553368.986038 644664.745566
72376.874345 588987.962009
-973668.037453 977812.578049
612224.862137 226113.959699
-734316.118477 -312787.186282
783426.420472 -875771.347116
-160755.275931 460028.140256
685461.288504 -234671.342501
-647341.345056 -879208.024927
-290433.771417 237023.066685
614905.605269 -621690.898611
-18287.774694 285377.958104
353790.630028 -640007.220345
-600225.045845 162136.444818
-345131.646631 -342401.844223
590883.922168 -6082.325509
709356.172326 350247.630035
228689.174507 562449.207933
-771581.583165 772964.053040
-424056.121656 517054.179125
-418733.177762 -655869.092545
-44969.055493 -682178.379399
574862.862956 -188420.885378
-1476.569352 -545005.528187
636698.145935 516719.618236
-131078.365825 -421107.792287
275353.079775 -941137.806806
307353.023327 874201.133127
441551.193792 552403.585827
-727583.798641 -864527.950773
614468.095065 911388.676009
931760.025492 -256293.210338
553588.016576 995579.338186
-147421.281241 774308.548610
663175.190680 256889.484007
-404714.293599 -83873.844180
-750952.262040 -35027.596754
925492.661140 501270.843537
954321.336438 891311.116607
-108055.239447 288123.165127
-239128.895401 908422.754853
864449.854493 606073.580168
712254.040055 52753.106198
136690.091882 522333.582297
-760523.009100 -457431.173831
872917.581750 -653553.837382
811930.690014 -522829.064493
372779.240169 -70333.506578
-261973.731919 -952003.435536
372056.715004 -139106.326231
-983348.425887 385443.416680
-613958.714421 -670668.205158
-379907.052900 250212.138048
19249.779345 -524394.245293
-224579.842911 950385.248311
-882624.963412 -121763.342255
166907.528594 213149.903805
-753705.008349 828749.998338
680109.294711 -635030.728129
-867413.780410 -52064.829411
482774.217056 -500174.288273
694444.979374 -696040.449717
463939.492975 -505840.626739
74717.534425 -870151.364890
456450.733713 952208.357935
-870738.667412 -793066.036804
-500271.032563 -702921.864062
659449.291974 -985206.854025
-369148.557625 989814.272804
-556343.653456 659280.078575
-160424.344366 -732583.614828
402387.852594 -545168.478463
819780.201972 655086.041431
82906.650073 -852737.117919
316065.833153 781009.042014
466241.344930 -186153.366718
-415531.015670 -744404.075360
-140615.935929 498204.217707
23040.133732 -955115.265646
460533.914850 -967328.373915
-109856.889422 625851.547133
-909561.236880 929273.170865
948284.629733 -524525.356190
944950.637675 721900.008907
-390488.525302 -48381.109090
-484109.053612 691733.333561
-958373.397740 -357264.384991
495039.202551 952136.059087
-349469.164596 239355.612751
951316.166798 -356152.485073
-387271.667130 -678540.657151
-531890.544446 -966775.157903
-11779.723843 -477878.279131
443109.396951 536145.507137
-457792.705447 -760442.108444
474006.868327 457145.236922
-595315.406203 -717885.332811
336800.512671 -941458.336550
211424.640779 -765414.354890
-908651.695848 939283.830630
268035.351923 635887.959109
-503803.658614 -530339.759795