400
692304.338343 -317576.717726
330100.094449 688256.298198
-433409.397613 -915947.531944
828185.715036 913531.560615
-19501.831908 -175374.298460
-922900.410530 81032.970965
-552985.971129 978455.854896
375767.815918 202691.276408
-690532.194027 87626.506903
419928.812813 302154.921324
516154.484345 247739.310411
14576.402003 684596.249632
401554.559457 13523.792375
184233.580985 -784029.232763
911157.481898 -940536.759240
-760137.336739 903581.360847
187214.250609 -811213.615859
-80053.573372 -556265.751691
-486953.246730 -231217.597609
-183926.511811 258998.076623
-521769.534429 301062.876915
-396510.401272 -583047.182383
333865.600513 253791.153078
368802.463595 460569.550964
535087.303938 878490.581163
-502065.170834 346561.524618
-681309.287280 782273.621034
-389887.210960 53838.294807
502377.041330 672546.759946
393831.167555 -306692.782086
189825.125132 -869938.255056
330043.348336 -471383.816377
872060.304539 893983.928808
386536.043646 -902258.798862
-45599.751344 42990.195723
-932117.232029 -20803.227647
619021.589730 826442.803849
-157334.732675 -43426.997595
-268501.210909 -34534.845249
-224479.849037 -498291.409663
676198.473195 -690298.153908
-958145.629197 402527.229370
697746.380767 -752223.859080
-683181.540615 -523507.345675
-862084.144875 683238.500899
-946253.835973 -702019.222367
-712722.774593 -601690.485977
-488041.557628 704647.698723
-510189.379549 -117272.000299
-163835.729209 -535361.021280
-412541.602448 -66848.032900
727906.198635 702142.107774
350348.867636 466869.546820
-708165.121961 -949657.297776
-529130.667979 772138.082312
-481396.290525 -799540.108899
-712821.365293 168515.124340
261787.430215 -857756.102317
972925.498382 -10729.655515
-691440.905131 980980.787711
-285697.339568 787894.787410
-938542.432696 -795146.710018
-422846.384803 -942116.590930
-204816.539538 454429.589716
-325756.898441 864722.731321
7514.767424 507332.726067
903522.897166 -391653.658325
-122974.442104 -382211.340068
-957103.198233 614959.840522
800527.376812 -948278.383940
-347975.086783 -845967.227258
844026.726481 -839597.244550
-90665.924463 -278039.875891
-673088.548865 -502721.717494
62519.697932 279404.659194
-796948.147710 -130770.007626
157675.238857 -53708.193546
-50016.741647 585175.941109
684737.776272 -875836.593423
-629938.610714 65881.409524
474819.209391 840663.164108
299078.689030 -212230.405743
887838.888190 466577.096644
-373548.483288 -752825.271148
924475.842948 -219880.929054
629242.007637 -347431.450300
767287.106466 482936.155406
-270352.122826 -779686.931031
528667.571945 388183.457980
667131.341412 -926306.145595
626089.822652 833889.055946
-620903.959405 -663499.845975
754637.236720 -106298.511960
-691298.077403 936231.525793
-777480.715919 55530.236087
830104.933239 952020.783445
203678.736031 -410637.817600
664494.757003 624532.537124
750107.998949 795557.925623
501313.870759 27562.534876
-992695.268930 337722.100617
28249.539700 -700127.587865
13505.015774 21190.678172
657478.771306 -773794.343308
957636.880047 279261.415683
-846719.910669 511246.786746
542952.321067 36712.289544
-720261.720926 792513.670450
-933105.991975 -729906.604229
835228.146015 489422.432029
-567387.965441 -203749.436821
-802712.846588 721624.285875
-995871.121436 286829.583754
-350275.763209 985520.371909
-861320.796598 93960.616633
495177.301256 -357255.129950
617013.249425 488807.948474
-823505.782535 961337.882135
-597533.019150 -604482.656195
67664.512948 -211608.917566
-65162.275072 450188.557497
-949194.244372 581184.735038
266207.559936 384930.097680
-55119.652622 120618.170843
-584237.394191 408010.973123
-642051.774195 653900.930992
312937.553620 -996906.725389
249289.802755 211327.795410
-564533.185821 -684595.222647
232765.318975 195105.356561
-587237.311618 777929.618719
-538172.501739 -954133.542893
639634.116656 452552.420946
-399352.516220 176671.359289
886501.352331 482596.600546
958711.555266 766779.338327
200921.178930 -162646.278054
10646.689469 198231.565931
-67408.219575 193578.353879
-107660.862034 -672772.464234
-631441.722659 106078.754519
-851230.455833 716251.914591
707751.052640 756332.607904
-757484.162856 629250.093649
-728584.068609 -447518.180585
480459.415783 -900734.670938
665859.078005 -601466.198870
-538305.315068 155625.250134
747313.372168 -207165.441273
-308636.692692 -23386.657221
-917999.700636 -36041.248486
467954.586232 713593.985716
396596.150886 -739311.150469
-281379.751490 -419665.052622
532910.545843 404049.454059
349123.205239 -937289.454970
753820.721801 -286692.929258
391317.852913 -659310.636340
-431412.095224 345208.232445
-880314.607431 94825.073485
-952350.015360 -615605.180116
954044.533153 -326017.710000
-737780.200510 319507.806740
674479.811572 -734028.253022
-865605.855893 127124.938638
704325.999429 823992.642670
-281990.192160 -40059.141581
-658586.730673 -447616.316522
-193629.732177 474854.377374
327659.474744 461746.139578
988594.513738 275537.228986
902392.311310 399203.274270
-121332.361477 376478.779425
-774750.980909 684848.900237
-489323.010550 -753999.105159
273466.584396 399598.851197
-114971.070149 -733432.083914
946736.256100 246310.059648
325247.957401 -588614.223005
-195504.430740 -9646.612619
-756692.879721 505616.099921
87004.978901 146767.341836
-693394.840850 816677.657419
537644.396914 197970.320523
325150.240301 -399225.119328
885311.145485 54127.033197
-441751.673087 590734.491141
-176171.088959 482137.470830
-344617.717760 -620837.719306
-799543.981661 79886.588360
-83177.994633 -251099.319858
88349.493041 341190.218200
-559434.867902 406045.943679
-36425.127840 -805105.015297
-899905.577841 -798020.111485
477558.531061 -805651.251129
-905107.101520 415699.871201
-47331.153526 144186.346502
-143895.978046 -141717.297737
797625.279347 -48388.970978
-43610.835694 451049.262772
461347.454097 -784930.205722
536541.793638 245173.275746
-828773.187334 825308.653675
-156796.790983 -246973.303908
521698.662350 -608478.172940
493626.192173 -196356.792062
-740169.293536 582483.423005
505406.658622 -572777.691702
923055.172173 245281.547237
300874.188313 326989.785058
643733.945894 -580270.932964
-55752.606127 224095.778350
555744.680870 -191408.577425
-574980.119032 -472228.271338
-625867.759770 805262.457112
-387204.283378 -919273.939712
-539721.847689 -32342.363718
-495137.689951 251710.082853
-150087.464198 21349.979834
675691.418405 452107.173478
-148443.934172 263752.807760
638639.055149 -988733.897204
847127.255638 87642.049563
-237858.050661 392405.830790
303657.879506 -18657.824517
117931.444528 904809.953020
-409242.816890 458877.327798
448209.591672 -971549.510698
-565579.521114 -759579.141649
-909902.540191 61362.641474
187158.848765 640302.838623
819149.180171 784557.071750
-992168.413748 -553723.606794
758421.384776 -616448.185333
424288.606521 -823679.072991
293687.110102 -744428.973933
-563868.117568 -364504.748772
160386.310903 -591425.909093
231727.180430 -188381.480030
-125920.156324 786057.454182
304670.853087 -545846.588665
-520362.464965 -877982.369758
-906581.825519 227534.913883
107980.276665 924995.875611
75191.246505 -822003.981851
125821.127840 -671161.729124
-676670.413991 -830696.799915
-545674.079163 -657524.581668
-904877.158007 -553652.973048
-318360.237219 374630.393394
-759165.311117 -550290.457264
-834046.078386 402591.376703
-79992.335786 -587528.241327
400632.902061 -65961.515012
-423064.338916 -726106.377924
99447.464969 600686.165822
-362072.927884 308620.984450
-891747.001572 44395.491442
-836548.182538 409353.529222
290173.774274 122851.996655
627136.225667 -478000.375280
-888820.740692 776153.728085
432110.155165 -809409.308760
-143152.055770 -2422.561429
-395713.240589 516194.567999
-557616.539373 314075.785229
-693079.300360 -32241.355026
580972.335111 345510.987314
-671255.040504 796706.531051
-13484.789377 676421.475746
-177643.595669 -508548.377832
279207.695363 557559.335621
938689.377878 -666106.442201
-571735.884722 792.649071
507981.888766 545864.228868
-880344.856954 102640.457150
92040.547825 -863987.900737
-208383.560192 -294288.830424
86383.987253 -815023.236940
-361177.253161 444747.208170
-429807.512243 238957.984865
-663219.215865 251802.703099
946647.273418 -724116.688359
381144.146154 325550.610384
-724404.042455 289429.709204
-678207.604289 -691851.855296
-485546.991606 475440.228780
689938.818385 -152527.085574
-547880.517402 783922.361156
692502.265022 301834.250185
676566.757818 243032.201312
997165.134297 505587.488469
-959597.294917 578489.794947
-336779.687771 -910050.491407
386423.094262 -766063.773055
364465.000229 -712285.854370
-834619.135252 -941106.030306
979037.269906 -293313.830465
-285871.032344 364489.003767
-461264.922072 318420.948987
657733.254163 455851.501480
580000.315169 534873.653271
603507.462381 -733056.028016
-326505.727011 -296031.670624
-155601.411840 471609.721263
-730682.862746 700967.616970
-307963.457579 -603422.235761
-586182.983009 -293282.184512
556715.169689 -618764.715284
-225143.771036 -285381.547544
-367025.277273 965147.005351
293023.838709 840271.403569
332399.581108 -107665.491079
292940.018507 844009.931490
82609.120659 -67.925635
-738275.091224 109040.457322
-984253.482462 236566.321639
776009.995990 902625.146008
-116480.259420 -492488.680027
143046.769948 883901.152391
-715290.003348 -520773.671546
917502.146529 137885.177048
322830.391598 75819.657420
-227739.510827 -721724.084622
-887822.554345 -607796.162400
810303.177512 265717.617734
906167.438510 756475.136769
-633593.740120 -519685.995500
-32073.877310 -693482.784888
227386.655074 582167.253498
-750863.961421 -487911.800928
30898.538986 -800166.163666
266807.846983 860079.845085
-448667.277917 -190195.844381
908974.369453 -984408.242627
694488.329126 -963121.207773
622802.514507 809861.463169
-140755.111447 903457.755190
268091.972974 -610904.127150
904232.829928 -746334.819092
-333044.880436 400726.979998
8324.480635 524254.785156
-52372.638827 900335.857119
-332523.853422 -884131.513050
-793977.914473 -205658.092022
-885816.230032 905599.259640
801835.086043 588696.209780
641613.721704 -636744.686384
940902.713864 880508.220422
991816.638942 -990582.392600
-550772.720688 377567.657156
639600.120522 -633230.850595
-100837.338499 -56688.989179
-745000.083893 110667.666623
-458289.165169 477623.334497
423669.411156 -296023.293384
-903756.171054 662737.491187
538565.185310 -825912.469577
821930.702377 107195.484239
411696.627968 556341.408042
801170.964757 -67313.590230
525857.763953 -596463.554036
-184731.579667 -120720.107626
741894.191251 -81721.577851
692008.126468 44388.093721
-587481.876892 247868.104698
-15693.703162 167613.855751
39994.341871 -401712.569414
-359349.344353 17150.547958
778150.368173 805302.268591
-620143.603470 747812.040336
39037.328069 -446848.126554
-205536.686342 -381528.038214
-373245.125042 676603.266538
-519348.447070 160328.745474
346172.337709 -491730.815017
-708772.711430 -667182.133701
-963194.121224 -738572.583208
340555.800442 511941.741592
-984794.993062 -789887.939980
-205754.638886 -355807.262262
-345322.545142 567380.743924
157026.543554 847182.677094
-222823.356207 480198.191936
728564.503880 501766.353902
29037.861910 -934042.621407
227372.190784 366199.310593
-16928.361670 -451946.834873
615537.156562 -973597.396579
-188943.704153 -263833.468274
-71084.425739 372073.061284
-391833.643783 885769.385004
-735944.124447 586989.190016
-598199.880214 -422420.813112
390241.335566 605233.957428
-340405.664499 61737.804625
505062.359557 -206716.505081
-400921.127288 984326.084009
860018.580474 -476619.168107